500.0 2.384185791015625e-07
500.0 2.384185791015625e-07
500.0 0.0
500.0 0.16666817665100098
500.0 0.3330564498901367
500.0 0.49916791915893555
500.0 0.6650028228759766
500.0 0.830561637878418
500.0 0.995844841003418
500.0 1.1608524322509766
500.0 1.3255844116210938
500.0 1.490041732788086
500.0 1.6542253494262695
500.0 1.8181352615356445
500.0 1.9817724227905273
500.0 2.145136833190918
500.0 2.3082284927368164
500.0 2.471048355102539
500.0 2.6335973739624023
500.0 2.79587459564209
500.0 2.9578819274902344
500.0 3.119619369506836
500.0 3.2810869216918945
500.0 3.4422855377197266
500.0 3.603215217590332
500.0 3.7638769149780273
500.0 3.9242706298828125
500.0 4.084397315979004
500.0 4.244256973266602
500.0 4.4038496017456055
500.0 4.563176155090332
500.0 4.722237586975098
500.0 4.881033897399902
500.0 5.0395660400390625
500.0 5.355836391448975
500.0 5.513577938079834
500.0 5.671056270599365
500.0 5.828271389007568
500.0 5.985225200653076
500.0 6.141917705535889
500.0 6.298348903656006
500.0 6.454518795013428
500.0 6.610429286956787
500.0 6.766078472137451
500.0 6.921468257904053
500.0 7.076600551605225
500.0 7.231473445892334
500.0 7.386088848114014
500.0 7.540446758270264
500.0 7.694547176361084
500.0 7.848390102386475
500.0 8.001977920532227
500.0 8.155309677124023
500.0 8.308385848999023
500.0 8.461206436157227
500.0 8.613771438598633
500.0 8.766082763671875
500.0 8.918140411376953
500.0 9.069944381713867
500.0 9.221494674682617
500.0 9.372793197631836
500.0 9.523839950561523
500.0 9.67463493347168
500.0 9.825178146362305
500.0 9.975469589233398
500.0 10.125513076782227
500.0 10.275304794311523
500.0 10.424848556518555
500.0 10.574140548706055
500.0 10.723184585571289
500.0 10.871980667114258
500.0 11.020528793334961
500.0 11.168828964233398
500.0 11.31688117980957
500.0 11.46468734741211
500.0 11.612247467041016
500.0 11.759561538696289
500.0 11.90662956237793
500.0 12.05345344543457
500.0 12.200033187866211
500.0 12.346368789672852
500.0 12.492460250854492
500.0 12.638307571411133
500.0 12.783910751342773
500.0 12.92927360534668
500.0 13.074392318725586
500.0 13.219270706176758
500.0 13.363906860351562
500.0 13.508302688598633
500.0 13.652456283569336
500.0 13.796369552612305
500.0 13.940042495727539
500.0 14.083477020263672
500.0 14.22667121887207
500.0 14.369626998901367
500.0 14.512346267700195
500.0 14.654827117919922
500.0 14.79707145690918
500.0 14.939077377319336
500.0 15.080846786499023
500.0 15.222379684448242
500.0 15.363676071166992
500.0 15.504737854003906
500.0 15.645565032958984
500.0 15.786157608032227
500.0 15.926515579223633
500.0 16.066638946533203
500.0 16.20652961730957
500.0 16.346187591552734
500.0 16.485610961914062
500.0 16.62480354309082
500.0 16.763763427734375
500.0 16.90249252319336
500.0 17.04098892211914
500.0 17.17925453186035
500.0 17.317291259765625
500.0 17.455097198486328
500.0 17.592674255371094
500.0 17.73002052307129
500.0 17.867137908935547
500.0 18.004026412963867
500.0 18.140687942504883
500.0 18.27712059020996
500.0 18.413326263427734
500.0 18.549304962158203
500.0 18.685056686401367
500.0 18.82058334350586
500.0 18.955883026123047
500.0 19.090957641601562
500.0 19.225807189941406
500.0 19.360431671142578
500.0 19.49483299255371
500.0 19.629009246826172
500.0 19.762962341308594
500.0 19.896692276000977
500.0 20.03019905090332
500.0 20.163482666015625
500.0 20.296545028686523
500.0 20.429386138916016
500.0 20.5620059967041
500.0 20.69440460205078
500.0 20.826581954956055
500.0 20.958538055419922
500.0 21.090274810791016
500.0 21.221792221069336
500.0 21.353090286254883
500.0 21.484169006347656
500.0 21.61503028869629
500.0 21.74567413330078
500.0 21.8760986328125
500.0 22.006305694580078
500.0 22.13629722595215
500.0 22.266071319580078
500.0 22.3956298828125
500.0 22.52497100830078
500.0 22.654096603393555
500.0 22.783008575439453
500.0 22.911705017089844
500.0 23.040185928344727
500.0 23.168453216552734
500.0 23.296506881713867
500.0 23.424346923828125
500.0 23.55197525024414
500.0 23.67938995361328
500.0 23.80659294128418
500.0 23.933584213256836
500.0 24.060361862182617
500.0 24.18692970275879
500.0 24.313283920288086
500.0 24.439428329467773
500.0 24.565366744995117
500.0 24.691091537475586
500.0 24.81661033630371
500.0 24.94191551208496
500.0 25.067014694213867
500.0 25.191904067993164
500.0 25.316587448120117
500.0 25.44106101989746
500.0 25.56532859802246
500.0 25.689390182495117
500.0 25.813241958618164
500.0 25.936887741088867
500.0 26.060327529907227
500.0 26.183561325073242
500.0 26.306589126586914
500.0 26.429410934448242
500.0 26.552030563354492
500.0 26.6744441986084
500.0 26.796655654907227
500.0 26.91866111755371
500.0 27.040464401245117
500.0 27.162065505981445
500.0 27.28346061706543
500.0 27.404653549194336
500.0 27.52564811706543
500.0 27.646440505981445
500.0 27.767030715942383
500.0 27.887418746948242
500.0 28.00760841369629
500.0 28.127599716186523
500.0 28.24738883972168
500.0 28.366979598999023
500.0 28.486371994018555
500.0 28.605562210083008
500.0 28.72455406188965
500.0 28.843347549438477
500.0 28.961942672729492
500.0 29.08034324645996
500.0 29.198545455932617
500.0 29.316547393798828
500.0 29.43435287475586
500.0 29.551959991455078
500.0 29.66937255859375
500.0 29.786590576171875
500.0 29.903614044189453
500.0 30.020442962646484
500.0 30.137073516845703
500.0 30.25351333618164
500.0 30.369754791259766
500.0 30.48580551147461
500.0 30.601661682128906
500.0 30.717327117919922
500.0 30.83279800415039
500.0 30.948078155517578
500.0 31.06316375732422
500.0 31.178058624267578
500.0 31.29275894165039
500.0 31.407268524169922
500.0 31.521587371826172
500.0 31.63571548461914
500.0 31.749652862548828
500.0 31.8634033203125
500.0 31.97696304321289
500.0 32.090335845947266
500.0 32.20351791381836
500.0 32.31650924682617
500.0 32.429317474365234
500.0 32.541934967041016
500.0 32.654361724853516
500.0 32.766605377197266
500.0 32.878658294677734
500.0 32.99052810668945
500.0 33.10220718383789
500.0 33.21370315551758
500.0 33.325016021728516
500.0 33.43613815307617
500.0 33.54707717895508
500.0 33.657833099365234
500.0 33.76840591430664
500.0 33.878787994384766
500.0 33.98898696899414
500.0 34.099002838134766
500.0 34.20883560180664
500.0 34.318485260009766
500.0 34.42795181274414
500.0 34.537235260009766
500.0 34.64633560180664
500.0 34.7552604675293
500.0 34.8640022277832
500.0 34.97256088256836
500.0 35.080936431884766
500.0 35.18913650512695
500.0 35.29715347290039
500.0 35.40498733520508
500.0 35.51264572143555
500.0 35.620121002197266
500.0 35.727420806884766
500.0 35.834537506103516
500.0 35.94147872924805
500.0 36.04824447631836
500.0 36.15482711791992
500.0 36.261234283447266
500.0 36.36746597290039
500.0 36.4735221862793
500.0 36.57939529418945
500.0 36.68509292602539
500.0 36.79061508178711
500.0 36.89596176147461
500.0 37.00113296508789
500.0 37.10612869262695
500.0 37.2109489440918
500.0 37.31559371948242
500.0 37.42007064819336
500.0 37.52437210083008
500.0 37.62849807739258
500.0 37.73244857788086
500.0 37.83622360229492
500.0 37.9398307800293
500.0 38.04326248168945
500.0 38.14652633666992
500.0 38.24961471557617
500.0 38.352535247802734
500.0 38.45528030395508
500.0 38.557857513427734
500.0 38.66025924682617
500.0 38.76249313354492
500.0 38.86455154418945
500.0 38.9664421081543
500.0 39.06816482543945
500.0 39.16971969604492
500.0 39.2711067199707
500.0 39.372318267822266
500.0 39.47336196899414
500.0 39.57423782348633
500.0 39.67494583129883
500.0 39.77548599243164
500.0 39.875858306884766
500.0 39.9760627746582
500.0 40.07609939575195
500.0 40.17597579956055
500.0 40.27568435668945
500.0 40.37522506713867
500.0 40.4745979309082
500.0 40.57380294799805
500.0 40.672847747802734
500.0 40.771724700927734
500.0 40.87044143676758
500.0 40.968990325927734
500.0 41.0673713684082
500.0 41.165592193603516
500.0 41.26364517211914
500.0 41.36153793334961
500.0 41.45927047729492
500.0 41.55683517456055
500.0 41.654239654541016
500.0 41.75148391723633
500.0 41.848567962646484
500.0 41.94548416137695
500.0 42.042240142822266
500.0 42.13883590698242
500.0 42.23527145385742
500.0 42.331546783447266
500.0 42.42766189575195
500.0 42.523616790771484
500.0 42.61941146850586
500.0 42.71504592895508
500.0 42.81052017211914
500.0 42.90583419799805
500.0 43.0009880065918
500.0 43.09598922729492
500.0 43.19083023071289
500.0 43.2855110168457
500.0 43.38003158569336
500.0 43.47439956665039
500.0 43.568607330322266
500.0 43.662662506103516
500.0 43.75655746459961
500.0 43.85029220581055
500.0 43.94387435913086
500.0 44.03730392456055
500.0 44.13057327270508
500.0 44.223690032958984
500.0 44.316646575927734
500.0 44.40945053100586
500.0 44.50210189819336
500.0 44.594600677490234
500.0 44.68693923950195
500.0 44.77912521362305
500.0 44.871158599853516
500.0 44.96303939819336
500.0 45.05476760864258
500.0 45.14634323120117
500.0 45.23776626586914
500.0 45.329036712646484
500.0 45.4201545715332
500.0 45.5111198425293
500.0 45.601932525634766
500.0 45.69259262084961
500.0 45.78310775756836
500.0 45.873470306396484
500.0 45.963680267333984
500.0 46.05373764038086
500.0 46.14365005493164
500.0 46.2334098815918
500.0 46.32301712036133
500.0 46.412479400634766
500.0 46.50178909301758
500.0 46.5909538269043
500.0 46.67996597290039
500.0 46.76883316040039
500.0 46.857547760009766
500.0 46.94611740112305
500.0 47.034542083740234
500.0 47.1228141784668
500.0 47.210941314697266
500.0 47.29892349243164
500.0 47.38676071166992
500.0 47.47444534301758
500.0 47.56198501586914
500.0 47.64937973022461
500.0 47.736629486083984
500.0 47.823734283447266
500.0 47.91069412231445
500.0 47.99750900268555
500.0 48.08417892456055
500.0 48.17070388793945
500.0 48.257083892822266
500.0 48.343318939208984
500.0 48.42941665649414
500.0 48.5153694152832
500.0 48.60117721557617
500.0 48.68684005737305
500.0 48.77235794067383
500.0 48.85773849487305
500.0 48.94297409057617
500.0 49.028072357177734
500.0 49.1130256652832
500.0 49.19783401489258
500.0 49.28250503540039
500.0 49.36703109741211
500.0 49.451419830322266
500.0 49.53566360473633
500.0 49.61977005004883
500.0 49.703739166259766
500.0 49.78756332397461
500.0 49.87125015258789
500.0 49.95479965209961
500.0 50.038204193115234
500.0 50.1214714050293
500.0 50.2046012878418
500.0 50.287593841552734
500.0 50.37044906616211
500.0 50.45316696166992
500.0 50.53574752807617
500.0 50.61819076538086
500.0 50.700496673583984
500.0 50.78266525268555
500.0 50.86469650268555
500.0 50.946590423583984
500.0 51.02834701538086
500.0 51.10996627807617
500.0 51.19144821166992
500.0 51.27279281616211
500.0 51.354007720947266
500.0 51.43508529663086
500.0 51.51602554321289
500.0 51.59682846069336
500.0 51.6775016784668
500.0 51.75803756713867
500.0 51.838443756103516
500.0 51.9187126159668
500.0 51.998844146728516
500.0 52.0788459777832
500.0 52.15871047973633
500.0 52.23844528198242
500.0 52.318050384521484
500.0 52.397518157958984
500.0 52.47685623168945
500.0 52.55606460571289
500.0 52.635135650634766
500.0 52.71407699584961
500.0 52.79288864135742
500.0 52.87156295776367
500.0 52.95010757446289
500.0 53.02852249145508
500.0 53.106807708740234
500.0 53.18496322631836
500.0 53.26298904418945
500.0 53.340885162353516
500.0 53.41865158081055
500.0 53.49628829956055
500.0 53.573795318603516
500.0 53.65117263793945
500.0 53.72842025756836
500.0 53.805538177490234
500.0 53.88252639770508
500.0 53.95938491821289
500.0 54.0361213684082
500.0 54.112728118896484
500.0 54.189205169677734
500.0 54.26555252075195
500.0 54.34177780151367
500.0 54.41787338256836
500.0 54.493839263916016
500.0 54.56968307495117
500.0 54.6453971862793
500.0 54.72098922729492
500.0 54.796451568603516
500.0 54.87179183959961
500.0 54.94700241088867
500.0 55.022090911865234
500.0 55.0970573425293
500.0 55.17189407348633
500.0 55.24660873413086
500.0 55.32119369506836
500.0 55.39565658569336
500.0 55.46999740600586
500.0 55.54421615600586
500.0 55.61830520629883
500.0 55.6922721862793
500.0 55.766117095947266
500.0 55.839839935302734
500.0 55.9134407043457
500.0 55.98691940307617
500.0 56.06027603149414
500.0 56.13351058959961
500.0 56.20662307739258
500.0 56.27961349487305
500.0 56.352481842041016
500.0 56.425228118896484
500.0 56.49785232543945
500.0 56.57035446166992
500.0 56.64273452758789
500.0 56.71499252319336
500.0 56.78713607788086
500.0 56.85915756225586
500.0 56.93105697631836
500.0 57.00283432006836
500.0 57.07449722290039
500.0 57.14603805541992
500.0 57.217464447021484
500.0 57.28876876831055
500.0 57.35995101928711
500.0 57.4310188293457
500.0 57.5019645690918
500.0 57.57279586791992
500.0 57.64350509643555
500.0 57.7140998840332
500.0 57.78457260131836
500.0 57.85493087768555
500.0 57.925174713134766
500.0 57.995296478271484
500.0 58.065303802490234
500.0 58.135196685791016
500.0 58.2049674987793
500.0 58.27462387084961
500.0 58.34416580200195
500.0 58.41359329223633
500.0 58.482906341552734
500.0 58.55209732055664
500.0 58.62117385864258
500.0 58.69013595581055
500.0 58.75898361206055
500.0 58.82771682739258
500.0 58.89633560180664
500.0 58.964839935302734
500.0 59.03322982788086
500.0 59.101505279541016
500.0 59.1696662902832
500.0 59.23771286010742
500.0 59.3056526184082
500.0 59.373477935791016
500.0 59.44118881225586
500.0 59.508785247802734
500.0 59.57626724243164
500.0 59.64364242553711
500.0 59.71090316772461
500.0 59.77804946899414
500.0 59.845088958740234
500.0 59.91201400756836
500.0 59.978824615478516
500.0 60.045528411865234
500.0 64.85404968261719
500.0 58.32923889160156
500.0 60.96621322631836
500.0 66.4977798461914
500.0 57.9646110534668
500.0 63.96147537231445
500.0 59.137290954589844
500.0 65.55596160888672
500.0 58.69835662841797
500.0 61.46405029296875
500.0 67.0328369140625
500.0 58.411014556884766
500.0 61.86203384399414
500.0 65.51947784423828
500.0 59.270774841308594
500.0 61.798065185546875
500.0 67.31211853027344
500.0 58.81416320800781
500.0 62.208641052246094
500.0 60.984188079833984
500.0 61.55131530761719
500.0 67.61964416503906
500.0 59.13927459716797
500.0 62.53474807739258
500.0 61.300537109375
500.0 67.36634063720703
500.0 59.593772888183594
500.0 65.66924285888672
500.0 60.432613372802734
500.0 62.56315994262695
500.0 66.69464111328125
500.0 60.29704284667969
500.0 62.87992477416992
500.0 68.39826202392578
500.0 59.90113830566406
500.0 63.30153274536133
500.0 66.96822357177734
500.0 60.719696044921875
500.0 63.24355697631836
500.0 68.75585174560547
500.0 60.28507614135742
500.0 63.67483901977539
500.0 67.34375
500.0 61.09454345703125
500.0 63.617801666259766
500.0 69.12954711914062
500.0 60.66546630859375
500.0 64.05055236816406
500.0 67.72016143798828
500.0 61.47004699707031
500.0 63.9927864074707
500.0 69.5039291381836
500.0 61.03716278076172
500.0 64.42273712158203
500.0 68.09138488769531
500.0 61.8407096862793
500.0 64.3628158569336
500.0 69.87332916259766
500.0 61.38433074951172
500.0 64.77421569824219
500.0 63.54095458984375
500.0 64.10560607910156
500.0 70.16967010498047
500.0 61.68624496459961
500.0 65.07764434814453
500.0 63.838523864746094
500.0 69.90009307861328
500.0 62.12359619140625
500.0 65.2391128540039
500.0 64.10661315917969
500.0 64.63069915771484
500.0 70.68909454345703
500.0 62.24471664428711
500.0 65.61709594726562
500.0 69.3383560180664
500.0 63.01417541503906
500.0 65.56217193603516
500.0 71.06709289550781
500.0 62.586158752441406
500.0 65.97457122802734
500.0 69.6384506225586
500.0 63.3861083984375
500.0 65.9052734375
500.0 71.4132308959961
500.0 62.918216705322266
500.0 66.30575561523438
500.0 65.07124328613281
500.0 71.11791229248047
500.0 63.354618072509766
500.0 66.46216583251953
500.0 70.26660919189453
500.0 63.92578887939453
500.0 66.47815704345703
500.0 71.98347473144531
500.0 63.50265121459961
500.0 66.88774871826172
500.0 70.55089569091797
500.0 64.2966537475586
500.0 66.814453125
500.0 72.32088470458984
500.0 63.86400604248047
500.0 67.23648071289062
500.0 70.90312957763672
500.0 64.64730834960938
500.0 67.16492462158203
500.0 72.67084503173828
500.0 64.1878662109375
500.0 67.5726318359375
500.0 66.33106231689453
500.0 66.8924789428711
500.0 72.95189666748047
500.0 64.4576187133789
500.0 67.84492492675781
500.0 66.60305786132812
500.0 72.66000366210938
500.0 64.87815856933594
500.0 67.98938751220703
500.0 71.79036712646484
500.0 65.44586944580078
500.0 67.99615478515625
500.0 73.49882507324219
500.0 65.03514862060547
500.0 68.40633392333984
500.0 72.07056427001953
500.0 65.81316375732422
500.0 68.32869720458984
500.0 73.83270263671875
500.0 65.34873962402344
500.0 68.73150634765625
500.0 67.4876937866211
500.0 68.04729461669922
500.0 74.10478973388672
500.0 65.59437561035156
500.0 68.98065185546875
500.0 67.74188232421875
500.0 73.79692840576172
500.0 66.01126098632812
500.0 69.1213607788086
500.0 72.92021942138672
500.0 66.57388305664062
500.0 69.12226867675781
500.0 74.62305450439453
500.0 66.13349151611328
500.0 69.51659393310547
500.0 73.17456817626953
500.0 66.9161148071289
500.0 69.42948913574219
500.0 74.9315414428711
500.0 66.47135925292969
500.0 69.83861541748047
500.0 73.5011978149414
500.0 67.24098205566406
500.0 69.7542953491211
500.0 75.25591278076172
500.0 66.74906921386719
500.0 70.13079833984375
500.0 68.89186096191406
500.0 69.44632720947266
500.0 75.50147247314453
500.0 67.02108764648438
500.0 70.39730072021484
500.0 74.1073989868164
500.0 67.77508544921875
500.0 72.41632080078125
500.0 68.57557678222656
500.0 70.14378356933594
500.0 69.60237121582031
500.0 75.77692413330078
500.0 67.54544830322266
500.0 70.82554626464844
500.0 69.61604309082031
500.0 70.1573715209961
500.0 76.2052993774414
500.0 67.7197494506836
500.0 71.09617614746094
500.0 69.8510971069336
500.0 70.40571594238281
500.0 76.45433044433594
500.0 67.9473876953125
500.0 71.32698822021484
500.0 70.08554077148438
500.0 70.63821411132812
500.0 76.68643188476562
500.0 68.21826934814453
500.0 71.58538055419922
500.0 75.29557800292969
500.0 68.96115112304688
500.0 73.60070037841797
500.0 69.75762939453125
500.0 71.32398223876953
500.0 77.05313873291016
500.0 68.63099670410156
500.0 71.97928619384766
500.0 75.66520690917969
500.0 69.37001037597656
500.0 74.00532531738281
500.0 70.1509780883789
500.0 71.72084045410156
500.0 71.17514038085938
500.0 77.34745025634766
500.0 69.11348724365234
500.0 75.19232940673828
500.0 70.08626556396484
500.0 72.14360809326172
500.0 71.40711975097656
500.0 77.45582580566406
500.0 69.46674346923828
500.0 75.5259780883789
500.0 70.35037231445312
500.0 72.4341812133789
500.0 71.68673706054688
500.0 72.0433578491211
500.0 78.08954620361328
500.0 69.67567443847656
500.0 73.02168273925781
500.0 71.78160858154297
500.0 72.32981872558594
500.0 78.37525939941406
500.0 69.89690399169922
500.0 73.26563262939453
500.0 76.97158813476562
500.0 70.63467407226562
500.0 75.27120971679688
500.0 71.42555236816406
500.0 72.98906707763672
500.0 72.44288635253906
500.0 78.61272430419922
500.0 70.37633514404297
500.0 73.6517333984375
500.0 72.43759155273438
500.0 72.97418975830078
500.0 79.01742553710938
500.0 70.52874755859375
500.0 73.90040588378906
500.0 72.65013885498047
500.0 73.2003173828125
500.0 79.24427795410156
500.0 70.75292205810547
500.0 74.1266098022461
500.0 72.87322235107422
500.0 73.4240951538086
500.0 79.46768951416016
500.0 70.99669647216797
500.0 74.35761260986328
500.0 78.0636978149414
500.0 71.72457122802734
500.0 76.35958099365234
500.0 72.51185607910156
500.0 74.07365417480469
500.0 79.79823303222656
500.0 71.33673858642578
500.0 74.69208526611328
500.0 73.45111846923828
500.0 73.99580383300781
500.0 80.0412368774414
500.0 71.53669738769531
500.0 74.91065216064453
500.0 73.65914154052734
500.0 74.20746612548828
500.0 80.24969482421875
500.0 71.7376480102539
500.0 75.11097717285156
500.0 73.86302947998047
500.0 74.40948486328125
500.0 80.45140838623047
500.0 71.95282745361328
500.0 75.32466125488281
500.0 74.07154083251953
500.0 74.61953735351562
500.0 80.6611328125
500.0 72.17790985107422
500.0 75.54308319091797
500.0 79.24512481689453
500.0 72.90447998046875
500.0 77.53721618652344
500.0 73.68777465820312
500.0 75.24752807617188
500.0 74.69757080078125
500.0 80.86363983154297
500.0 72.6236801147461
500.0 75.89531707763672
500.0 79.6388168334961
500.0 73.27527618408203
500.0 75.81482696533203
500.0 81.30231475830078
500.0 72.79755401611328
500.0 76.1712646484375
500.0 74.91371154785156
500.0 75.46147155761719
500.0 81.50662994384766
500.0 73.01134490966797
500.0 76.37999725341797
500.0 80.07942199707031
500.0 73.7371826171875
500.0 78.36834716796875
500.0 74.517822265625
500.0 76.07604217529297
500.0 81.79729461669922
500.0 73.3562240600586
500.0 76.70305633544922
500.0 80.3790512084961
500.0 74.07637786865234
500.0 78.70355224609375
500.0 74.84165954589844
500.0 76.40359497070312
500.0 75.85013580322266
500.0 82.01464080810547
500.0 73.77291107177734
500.0 77.0425796508789
500.0 80.78424835205078
500.0 74.41869354248047
500.0 79.05535888671875
500.0 75.20313262939453
500.0 76.76045227050781
500.0 76.20794677734375
500.0 82.37142944335938
500.0 74.12752532958984
500.0 77.396728515625
500.0 76.17687225341797
500.0 76.70702362060547
500.0 82.74402618408203
500.0 74.24483489990234
500.0 77.61063385009766
500.0 76.35588836669922
500.0 76.89922332763672
500.0 82.93701171875
500.0 74.40975952148438
500.0 77.77949523925781
500.0 76.53133392333984
500.0 77.07168579101562
500.0 83.10916137695312
500.0 74.609619140625
500.0 77.97661590576172
500.0 76.71817779541016
500.0 77.2621078491211
500.0 83.29930114746094
500.0 74.80572509765625
500.0 78.17008209228516
500.0 81.86663818359375
500.0 75.52181243896484
500.0 80.15003204345703
500.0 76.29637908935547
500.0 77.8517074584961
500.0 83.56997680664062
500.0 75.089599609375
500.0 78.43976593017578
500.0 77.19752502441406
500.0 77.7340316772461
500.0 83.77322387695312
500.0 75.24185943603516
500.0 78.61100769042969
500.0 77.36161041259766
500.0 77.9005126953125
500.0 83.93656158447266
500.0 75.47139739990234
500.0 78.81654357910156
500.0 82.5179443359375
500.0 76.17082214355469
500.0 80.79884338378906
500.0 76.94334411621094
500.0 78.49788665771484
500.0 84.21508026123047
500.0 75.76484680175781
500.0 79.11078643798828
500.0 82.7817611694336
500.0 76.47526550292969
500.0 81.09830474853516
500.0 77.2325439453125
500.0 81.9931411743164
500.0 76.9839096069336
500.0 81.76821899414062
500.0 77.17167663574219
500.0 81.95840454101562
500.0 77.19723510742188
500.0 79.10382843017578
500.0 84.75347137451172
500.0 76.24516296386719
500.0 79.60948944091797
500.0 78.351318359375
500.0 84.37956237792969
500.0 76.589599609375
500.0 79.6768569946289
500.0 78.52191162109375
500.0 79.02137756347656
500.0 85.05577087402344
500.0 76.57804870605469
500.0 79.93140411376953
500.0 83.6277084350586
500.0 77.27930450439453
500.0 81.90499877929688
500.0 78.04811096191406
500.0 79.60063171386719
500.0 85.31599426269531
500.0 76.85967254638672
500.0 80.204833984375
500.0 78.94947052001953
500.0 79.4870376586914
500.0 85.52333068847656
500.0 77.02688598632812
500.0 80.38626861572266
500.0 84.07997131347656
500.0 77.73074340820312
500.0 82.35542297363281
500.0 78.49815368652344
500.0 80.0497817993164
500.0 85.764404296875
500.0 77.31839752197266
500.0 80.65745544433594
500.0 84.32723236083984
500.0 78.01791381835938
500.0 82.63858032226562
500.0 78.77008056640625
500.0 80.32547760009766
500.0 79.76548767089844
500.0 85.92346954345703
500.0 77.67520904541016
500.0 80.9383773803711
500.0 84.67355346679688
500.0 78.30152893066406
500.0 82.93171691894531
500.0 79.07304382324219
500.0 80.62390899658203
500.0 80.06497192382812
500.0 86.22203063964844
500.0 77.97168731689453
500.0 81.2344970703125
500.0 80.0082778930664
500.0 80.53203582763672
500.0 86.56266784667969
500.0 78.07828521728516
500.0 81.42957305908203
500.0 85.1231918334961
500.0 78.77239990234375
500.0 83.39556884765625
500.0 79.53621673583984
500.0 84.29345703125
500.0 79.2757797241211
500.0 81.27742767333984
500.0 80.54146575927734
500.0 86.73200988769531
500.0 78.50328063964844
500.0 81.7569351196289
500.0 80.53240966796875
500.0 81.0542984008789
500.0 87.0837631225586
500.0 78.6195068359375
500.0 81.95661163330078
500.0 85.6535415649414
500.0 79.30122375488281
500.0 83.92411804199219
500.0 80.06330871582031
500.0 81.61270904541016
500.0 87.32470703125
500.0 78.863037109375
500.0 82.20504760742188
500.0 80.94709014892578
500.0 81.48104858398438
500.0 87.51402282714844
500.0 79.01549530029297
500.0 82.37071990966797
500.0 86.06138610839844
500.0 79.70881652832031
500.0 84.33024597167969
500.0 80.46964263916016
500.0 85.22533416748047
500.0 80.20597839355469
500.0 84.98490905761719
500.0 80.38487243652344
500.0 82.2213363647461
500.0 87.87903594970703
500.0 79.38416290283203
500.0 82.73919677734375
500.0 86.39424133300781
500.0 80.08956146240234
500.0 84.70508575439453
500.0 80.83232879638672
500.0 82.38457489013672
500.0 88.0941390991211
500.0 79.63917541503906
500.0 82.9775161743164
500.0 86.64234924316406
500.0 80.32946014404297
500.0 84.9461441040039
500.0 81.07386016845703
500.0 85.82809448242188
500.0 80.81249237060547
500.0 85.5904541015625
500.0 80.98750305175781
500.0 85.76790618896484
500.0 81.00037384033203
500.0 85.78150177001953
500.0 81.07687377929688
500.0 85.85789489746094
500.0 81.1286392211914
500.0 85.90961456298828
500.0 81.18972778320312
500.0 85.9706039428711
500.0 81.24693298339844
500.0 86.02772521972656
500.0 81.30535888671875
500.0 86.08607482910156
500.0 81.363037109375
500.0 86.14366149902344
500.0 81.42073822021484
500.0 86.20128631591797
500.0 81.47816467285156
500.0 86.2586441040039
500.0 81.53543090820312
500.0 86.3158187866211
500.0 81.59249114990234
500.0 86.372802734375
500.0 81.64939880371094
500.0 86.42962646484375
500.0 81.70608520507812
500.0 86.48623657226562
500.0 81.7625961303711
500.0 86.54267120361328
500.0 81.81890869140625
500.0 86.59890747070312
500.0 81.87504577636719
500.0 86.65495300292969
500.0 81.93096923828125
500.0 86.71080780029297
500.0 81.98672485351562
500.0 86.7664794921875
500.0 82.04229736328125
500.0 86.82197570800781
500.0 82.09769439697266
500.0 86.8772964477539
500.0 82.15289306640625
500.0 86.93241882324219
500.0 82.2079086303711
500.0 86.98735046386719
500.0 82.26273345947266
500.0 87.0420913696289
500.0 82.3173599243164
500.0 87.09664154052734
500.0 82.37181091308594
500.0 87.1510238647461
500.0 82.42609405517578
500.0 87.20523071289062
500.0 82.4802017211914
500.0 87.25926971435547
500.0 82.53411865234375
500.0 87.3131103515625
500.0 82.58786010742188
500.0 87.36677551269531
500.0 82.64141845703125
500.0 87.42024993896484
500.0 82.69479370117188
500.0 87.47355651855469
500.0 82.74798583984375
500.0 87.52667236328125
500.0 82.80101776123047
500.0 87.57963562011719
500.0 87.63240814208984
500.0 82.90653991699219
500.0 87.68502044677734
500.0 82.95904541015625
500.0 87.73744201660156
500.0 83.01136779785156
500.0 87.78968811035156
500.0 83.06351470947266
500.0 87.84176635742188
500.0 83.1155014038086
500.0 87.8936767578125
500.0 83.16730499267578
500.0 87.9454116821289
500.0 83.21893310546875
500.0 87.99697875976562
500.0 83.27040100097656
500.0 88.04837036132812
500.0 83.32168579101562
500.0 88.0995864868164
500.0 83.372802734375
500.0 88.15061950683594
500.0 83.42374420166016
500.0 88.20149993896484
500.0 83.47452545166016
500.0 88.25221252441406
500.0 83.52513885498047
500.0 88.30276489257812
500.0 83.5755844116211
500.0 88.35314178466797
500.0 83.62586212158203
500.0 88.40335083007812
500.0 83.67597198486328
500.0 88.45337677001953
500.0 83.72589874267578
500.0 88.50324249267578
500.0 83.77567291259766
500.0 88.55294799804688
500.0 83.82527923583984
500.0 88.60248565673828
500.0 83.87471771240234
500.0 88.65184783935547
500.0 83.9239730834961
500.0 88.7010498046875
500.0 83.97310638427734
500.0 88.75011444091797
500.0 84.0220718383789
500.0 88.79900360107422
500.0 84.07086944580078
500.0 88.84772491455078
500.0 84.11949920654297
500.0 91.12297058105469
500.0 83.29957580566406
500.0 86.38433074951172
500.0 90.24517059326172
500.0 83.74261474609375
500.0 88.38427734375
500.0 84.53520202636719
500.0 89.28799438476562
500.0 84.2493667602539
500.0 89.02201843261719
500.0 84.41948699951172
500.0 89.1939468383789
500.0 84.41860961914062
500.0 89.19374084472656
500.0 84.484619140625
500.0 89.2596206665039
500.0 84.52465057373047
500.0 89.29963684082031
500.0 84.57453918457031
500.0 89.34944915771484
500.0 84.62039184570312
500.0 89.3952407836914
500.0 84.6676025390625
500.0 89.44239044189453
500.0 84.71407318115234
500.0 89.48880004882812
500.0 84.76061248779297
500.0 89.5352783203125
500.0 84.80691528320312
500.0 89.5815200805664
500.0 84.85311126708984
500.0 89.62764739990234
500.0 84.89912414550781
500.0 89.67359924316406
500.0 84.94497680664062
500.0 89.71939086914062
500.0 84.99067687988281
500.0 89.76502990722656
500.0 85.03621673583984
500.0 89.81051635742188
500.0 85.08161926269531
500.0 89.8558578491211
500.0 85.12686157226562
500.0 89.90103912353516
500.0 85.17195129394531
500.0 89.94606018066406
500.0 85.2168960571289
500.0 89.99095153808594
500.0 85.26171875
500.0 90.03570556640625
500.0 85.30636596679688
500.0 90.0802993774414
500.0 85.35087585449219
500.0 90.124755859375
500.0 85.395263671875
500.0 90.16908264160156
500.0 85.43948364257812
500.0 90.2132339477539
500.0 85.48355102539062
500.0 90.25724792480469
500.0 85.52748107910156
500.0 90.30111694335938
500.0 85.57125854492188
500.0 90.34484100341797
500.0 85.61488342285156
500.0 90.38839721679688
500.0 85.65836334228516
500.0 90.43183135986328
500.0 85.70172119140625
500.0 90.47512817382812
500.0 85.74491882324219
500.0 90.51828002929688
500.0 85.78797912597656
500.0 90.56126403808594
500.0 85.83088684082031
500.0 90.60411834716797
500.0 85.87364196777344
500.0 90.64682006835938
500.0 85.91626739501953
500.0 90.68939208984375
500.0 85.958740234375
500.0 90.7318115234375
500.0 86.00106811523438
500.0 90.77408599853516
500.0 86.04325866699219
500.0 90.81622314453125
500.0 86.08531188964844
500.0 90.85821533203125
500.0 86.1272201538086
500.0 90.90005493164062
500.0 86.16897583007812
500.0 90.94176483154297
500.0 86.21061706542969
500.0 90.98334503173828
500.0 86.25210571289062
500.0 91.0247802734375
500.0 86.29346466064453
500.0 91.06608581542969
500.0 86.33467864990234
500.0 91.10725402832031
500.0 86.37577056884766
500.0 91.14827728271484
500.0 86.41670989990234
500.0 91.18917083740234
500.0 86.45752716064453
500.0 91.22992706298828
500.0 86.49819946289062
500.0 91.27055358886719
500.0 86.53874969482422
500.0 91.31105041503906
500.0 86.57915496826172
500.0 91.3514175415039
500.0 86.61943817138672
500.0 91.39164733886719
500.0 86.65957641601562
500.0 91.43171691894531
500.0 86.69956970214844
500.0 91.4716567993164
500.0 86.73942565917969
500.0 91.511474609375
500.0 86.7791748046875
500.0 91.5511703491211
500.0 91.59072875976562
500.0 86.8582534790039
500.0 91.6301498413086
500.0 86.89759063720703
500.0 91.66941833496094
500.0 86.93678283691406
500.0 91.70855712890625
500.0 86.97586822509766
500.0 91.74760437011719
500.0 87.01481628417969
500.0 91.7864990234375
500.0 87.05363464355469
500.0 91.82527160644531
500.0 87.09232330322266
500.0 91.86390686035156
500.0 87.13088989257812
500.0 91.90243530273438
500.0 87.1693344116211
500.0 91.9408187866211
500.0 87.20763397216797
500.0 91.97907257080078
500.0 87.24581909179688
500.0 92.01720428466797
500.0 87.28388214111328
500.0 92.05522918701172
500.0 87.32180786132812
500.0 92.09310150146484
500.0 87.35960388183594
500.0 92.130859375
500.0 87.39727020263672
500.0 92.1684799194336
500.0 87.43482208251953
500.0 92.20597076416016
500.0 87.47223663330078
500.0 92.24333190917969
500.0 87.50951385498047
500.0 92.28057098388672
500.0 87.54666900634766
500.0 92.31767272949219
500.0 87.58370208740234
500.0 92.35466003417969
500.0 87.62061309814453
500.0 92.39152526855469
500.0 87.65742492675781
500.0 92.42829132080078
500.0 87.69410705566406
500.0 92.46492767333984
500.0 87.7306900024414
500.0 92.50145721435547
500.0 87.76712799072266
500.0 94.76451873779297
500.0 86.93504333496094
500.0 90.01374053955078
500.0 93.8685302734375
500.0 87.35993957519531
500.0 91.99556732177734
500.0 88.14048767089844
500.0 92.88726806640625
500.0 87.8426284790039
500.0 92.60929870605469
500.0 88.00080108642578
500.0 92.76929473876953
500.0 87.98799896240234
500.0 92.75718688964844
500.0 88.04212951660156
500.0 92.81120300292969
500.0 88.07032012939453
500.0 92.83940124511719
500.0 88.10840606689453
500.0 92.87742614746094
500.0 88.14248657226562
500.0 92.91146850585938
500.0 88.17796325683594
500.0 92.9468994140625
500.0 88.21273040771484
500.0 92.98162078857422
500.0 88.24760437011719
500.0 93.0164566040039
500.0 88.28228759765625
500.0 93.05109405517578
500.0 88.31689453125
500.0 93.08565521240234
500.0 88.35136413574219
500.0 93.12007904052734
500.0 88.38571166992188
500.0 93.15438842773438
500.0 88.41995239257812
500.0 93.18858337402344
500.0 88.45407104492188
500.0 93.22267150878906
500.0 88.48808288574219
500.0 93.25664520263672
500.0 88.52198791503906
500.0 93.2905044555664
500.0 88.5557861328125
500.0 93.32425689697266
500.0 88.58946228027344
500.0 93.35789489746094
500.0 88.623046875
500.0 93.39143371582031
500.0 88.656494140625
500.0 93.42484283447266
500.0 88.68984985351562
500.0 93.45816040039062
500.0 88.72311401367188
500.0 93.49137878417969
500.0 88.75624084472656
500.0 93.52446746826172
500.0 88.78926086425781
500.0 93.55744934082031
500.0 88.82217407226562
500.0 93.59031677246094
500.0 88.85498046875
500.0 93.62308502197266
500.0 88.88766479492188
500.0 93.65572357177734
500.0 88.92024993896484
500.0 93.68827819824219
500.0 88.95274353027344
500.0 93.72073364257812
500.0 88.98512268066406
500.0 93.75308227539062
500.0 89.01737976074219
500.0 93.78528594970703
500.0 89.04954528808594
500.0 93.81741333007812
500.0 89.08158874511719
500.0 93.84941864013672
500.0 89.11351776123047
500.0 93.88131713867188
500.0 89.14533996582031
500.0 93.91310119628906
500.0 89.17706298828125
500.0 93.94478607177734
500.0 89.20866394042969
500.0 93.97634887695312
500.0 89.24017333984375
500.0 94.00782012939453
500.0 89.27157592773438
500.0 94.03917694091797
500.0 89.3028564453125
500.0 94.07042694091797
500.0 89.33406066894531
500.0 94.1015853881836
500.0 89.36515045166016
500.0 94.13264465332031
500.0 89.39614868164062
500.0 94.16360473632812
500.0 89.42704010009766
500.0 94.1944580078125
500.0 89.45783233642578
500.0 94.22520446777344
500.0 89.48851013183594
500.0 94.25585174560547
500.0 89.51910400390625
500.0 94.2863998413086
500.0 89.54957580566406
500.0 94.31684875488281
500.0 89.57996368408203
500.0 94.34719848632812
500.0 89.61024475097656
500.0 94.37744903564453
500.0 89.64042663574219
500.0 94.40760040283203
500.0 89.67050170898438
500.0 94.4376220703125
500.0 89.70046997070312
500.0 94.46755981445312
500.0 89.73033142089844
500.0 94.49739074707031
500.0 89.7601089477539
500.0 94.52713775634766
500.0 89.78978729248047
500.0 94.5567855834961
500.0 89.81937408447266
500.0 94.5863265991211
500.0 89.84884643554688
500.0 94.61576080322266
500.0 89.87821960449219
500.0 94.64509582519531
500.0 89.9074935913086
500.0 94.6743392944336
500.0 89.93667602539062
500.0 94.7034912109375
500.0 89.96576690673828
500.0 94.73255157470703
500.0 89.99475860595703
500.0 94.76151275634766
500.0 90.02366638183594
500.0 94.79039001464844
500.0 90.05247497558594
500.0 94.81915283203125
500.0 90.0811767578125
500.0 94.84782409667969
500.0 90.10977935791016
500.0 94.87638854980469
500.0 90.13829040527344
500.0 94.90487670898438
500.0 90.16669464111328
500.0 94.9332504272461
500.0 90.19502258300781
500.0 94.96155548095703
500.0 90.2232437133789
500.0 94.98973846435547
500.0 90.25138092041016
500.0 95.01782989501953
500.0 90.27941131591797
500.0 95.04582977294922
500.0 90.30733489990234
500.0 95.07372283935547
500.0 90.33516693115234
500.0 95.10152435302734
500.0 90.36292266845703
500.0 95.1292495727539
500.0 90.39057159423828
500.0 95.15686798095703
500.0 90.41815185546875
500.0 95.18441772460938
500.0 90.44564056396484
500.0 95.21187591552734
500.0 90.47306060791016
500.0 95.2392578125
500.0 90.50037384033203
500.0 97.49320983886719
500.0 89.65914916992188
500.0 92.73330688476562
500.0 91.55323791503906
500.0 92.03227996826172
500.0 91.86422729492188
500.0 91.94852447509766
500.0 91.93437957763672
500.0 91.95860290527344
500.0 91.96782684326172
500.0 91.98287200927734
500.0 91.99560546875
500.0 92.00921630859375
500.0 92.02245330810547
500.0 92.03579711914062
500.0 92.04906463623047
500.0 92.06233215332031
500.0 92.07556915283203
500.0 92.08879089355469
500.0 92.10198974609375
500.0 92.11516571044922
500.0 92.1283187866211
500.0 92.14144897460938
500.0 92.15455627441406
500.0 92.16764831542969
500.0 92.18071746826172
500.0 92.19376373291016
500.0 92.206787109375
500.0 92.21978759765625
500.0 92.2327651977539
500.0 92.24571990966797
500.0 92.25865936279297
500.0 92.27157592773438
500.0 92.28446960449219
500.0 92.2973403930664
500.0 92.31018829345703
500.0 92.3230209350586
500.0 92.33583068847656
500.0 92.34861755371094
500.0 92.36138153076172
500.0 92.3741226196289
500.0 92.38684844970703
500.0 92.39955139160156
500.0 92.4122314453125
500.0 92.42488861083984
500.0 92.4375228881836
500.0 92.45014190673828
500.0 92.46273803710938
500.0 92.47531127929688
500.0 92.48786163330078
500.0 92.50039672851562
500.0 92.51290893554688
500.0 92.52539825439453
500.0 92.53787231445312
500.0 92.55032348632812
500.0 92.56275177001953
500.0 92.57515716552734
500.0 92.5875473022461
500.0 92.59991455078125
500.0 92.61225891113281
500.0 92.62458801269531
500.0 92.63689422607422
500.0 92.64917755126953
500.0 92.66143798828125
500.0 92.6736831665039
500.0 92.68590545654297
500.0 92.69810485839844
500.0 92.71028900146484
500.0 92.72245025634766
500.0 92.73458862304688
500.0 92.74671173095703
500.0 92.7588119506836
500.0 92.7708969116211
500.0 92.782958984375
500.0 92.79499816894531
500.0 92.80702209472656
500.0 92.81902313232422
500.0 92.83100128173828
500.0 92.84296417236328
500.0 92.85490417480469
500.0 92.86682891845703
500.0 92.87873077392578
500.0 92.89060974121094
500.0 92.90247344970703
500.0 92.91431427001953
500.0 92.92613983154297
500.0 92.93794250488281
500.0 92.94972229003906
500.0 92.96148681640625
500.0 92.97322845458984
500.0 92.98495483398438
500.0 92.99665832519531
500.0 93.00834655761719
500.0 93.02001190185547
500.0 93.03165435791016
500.0 93.04328155517578
500.0 93.05488586425781
500.0 93.06647491455078
500.0 93.07804107666016
500.0 93.08959197998047
500.0 93.10111999511719
500.0 93.11263275146484
500.0 93.1241226196289
500.0 93.1355972290039
500.0 93.14704895019531
500.0 93.15848541259766
500.0 93.1698989868164
500.0 93.1812973022461
500.0 93.19267272949219
500.0 93.20403289794922
500.0 93.21537017822266
500.0 93.22669219970703
500.0 93.23799133300781
500.0 93.24927520751953
500.0 93.26053619384766
500.0 93.27178192138672
500.0 93.28300476074219
500.0 93.2942123413086
500.0 93.30540466308594
500.0 93.31657409667969
500.0 93.32772827148438
500.0 93.33885955810547
500.0 93.3499755859375
500.0 93.36106872558594
500.0 93.37214660644531
500.0 93.38320922851562
500.0 93.39424896240234
500.0 93.4052734375
500.0 93.41627502441406
500.0 93.42726135253906
500.0 93.438232421875
500.0 93.44918060302734
500.0 93.46011352539062
500.0 93.47102355957031
500.0 93.48191833496094
500.0 93.4927978515625
500.0 93.50365447998047
500.0 93.51449584960938
500.0 93.52531433105469
500.0 93.53611755371094
500.0 93.54690551757812
500.0 93.55767059326172
500.0 93.56842041015625
500.0 93.57915496826172
500.0 93.5898666381836
500.0 93.6005630493164
500.0 93.61124420166016
500.0 93.62190246582031
500.0 93.6325454711914
500.0 93.64317321777344
500.0 93.65377807617188
500.0 93.66436767578125
500.0 93.67494201660156
500.0 93.68549346923828
500.0 93.69602966308594
500.0 93.70655059814453
500.0 93.71705627441406
500.0 93.7275390625
500.0 93.73800659179688
500.0 93.74845886230469
500.0 93.7588882446289
500.0 93.76930236816406
500.0 93.77970123291016
500.0 93.79008483886719
500.0 93.80044555664062
500.0 93.810791015625
500.0 93.82112121582031
500.0 93.83142852783203
500.0 93.84172058105469
500.0 93.85199737548828
500.0 93.86225891113281
500.0 93.87249755859375
500.0 93.88272094726562
500.0 93.89292907714844
500.0 93.90312194824219
500.0 93.91329956054688
500.0 93.92345428466797
500.0 93.93359375
500.0 93.94371795654297
500.0 93.95382690429688
500.0 93.96391296386719
500.0 93.97398376464844
500.0 93.98403930664062
500.0 93.99407958984375
500.0 94.00410461425781
500.0 94.01411437988281
500.0 94.02410125732422
500.0 94.03407287597656
500.0 94.04402923583984
500.0 94.05397033691406
500.0 94.06389617919922
500.0 94.07379913330078
500.0 94.08368682861328
500.0 94.09355926513672
500.0 94.1034164428711
500.0 94.11326599121094
500.0 94.12309265136719
500.0 94.13290405273438
500.0 94.14269256591797
500.0 94.1524658203125
500.0 94.16222381591797
500.0 94.17196655273438
500.0 94.18169403076172
500.0 94.19140625
500.0 94.20110321044922
500.0 94.21077728271484
500.0 94.2204360961914
500.0 94.23008728027344
500.0 94.23971557617188
500.0 94.24932861328125
500.0 94.25892639160156
500.0 94.26850891113281
500.0 94.278076171875
500.0 94.28762817382812
500.0 94.29716491699219
500.0 94.30668640136719
500.0 94.3161849975586
500.0 94.32566833496094
500.0 94.33513641357422
500.0 94.34458923339844
500.0 94.3540267944336
500.0 94.36344909667969
500.0 94.37285614013672
500.0 94.38224792480469
500.0 94.3916244506836
500.0 94.40098571777344
500.0 94.41033172607422
500.0 94.41966247558594
500.0 94.4289779663086
500.0 94.43827819824219
500.0 94.44756317138672
500.0 94.45683288574219
500.0 94.4660873413086
500.0 94.47532653808594
500.0 94.48455047607422
500.0 94.49375915527344
500.0 94.5029525756836
500.0 94.51213073730469
500.0 94.52129364013672
500.0 94.53044128417969
500.0 94.5395736694336
500.0 94.54869079589844
500.0 94.55779266357422
500.0 94.56687927246094
500.0 94.5759506225586
500.0 94.58500671386719
500.0 94.59404754638672
500.0 94.60307312011719
500.0 94.6120834350586
500.0 94.62107849121094
500.0 94.63005828857422
500.0 94.63902282714844
500.0 94.6479721069336
500.0 94.65690612792969
500.0 94.66582489013672
500.0 94.67472839355469
500.0 94.6836166381836
500.0 94.69248962402344
500.0 94.70134735107422
500.0 94.71018981933594
500.0 94.7190170288086
500.0 94.72782897949219
500.0 94.73662567138672
500.0 94.74540710449219
500.0 94.75418090820312
500.0 94.762939453125
500.0 94.77168273925781
500.0 94.78041076660156
500.0 94.78912353515625
500.0 94.79782104492188
500.0 94.80650329589844
500.0 94.81517028808594
500.0 94.82382202148438
500.0 94.83245849609375
500.0 94.8410873413086
500.0 94.84970092773438
500.0 94.8582992553711
500.0 94.86688232421875
500.0 94.87545013427734
500.0 94.88400268554688
500.0 94.89253997802734
500.0 94.90106201171875
500.0 94.90957641601562
500.0 94.91807556152344
500.0 94.92655944824219
500.0 94.93502807617188
500.0 94.9434814453125
500.0 94.95191955566406
500.0 94.96034240722656
500.0 94.96875762939453
500.0 94.97715759277344
500.0 94.98554229736328
500.0 94.99391174316406
500.0 95.00226593017578
500.0 95.01060485839844
500.0 95.01893615722656
500.0 95.02725219726562
500.0 95.03555297851562
500.0 95.04383850097656
500.0 95.05210876464844
500.0 95.06037139892578
500.0 95.06861877441406
500.0 95.07685089111328
500.0 95.08506774902344
500.0 95.09326934814453
500.0 95.1014633178711
500.0 95.1096420288086
500.0 95.11780548095703
500.0 95.1259536743164
500.0 95.13408660888672
500.0 95.1422119140625
500.0 95.15032196044922
500.0 95.15841674804688
500.0 95.16649627685547
500.0 95.17456817626953
500.0 95.18262481689453
500.0 95.19066619873047
500.0 95.19869232177734
500.0 95.20671081542969
500.0 95.21471405029297
500.0 95.22270202636719
500.0 95.23067474365234
500.0 95.23863983154297
500.0 95.24658966064453
500.0 95.25452423095703
500.0 95.26244354248047
500.0 95.27035522460938
500.0 95.27825164794922
500.0 95.2861328125
500.0 95.29399871826172
500.0 95.3018569946289
500.0 95.30970001220703
500.0 95.3175277709961
500.0 95.32534790039062
500.0 95.3331527709961
500.0 95.3409423828125
500.0 95.34871673583984
500.0 95.35648345947266
500.0 95.3642349243164
500.0 95.3719711303711
500.0 95.37969970703125
500.0 95.38741302490234
500.0 95.39511108398438
500.0 95.40280151367188
500.0 95.41047668457031
500.0 95.41813659667969
500.0 95.42578887939453
500.0 95.43342590332031
500.0 95.44104766845703
500.0 95.44866180419922
500.0 95.45626068115234
500.0 95.4638442993164
500.0 95.47142028808594
500.0 95.4789810180664
500.0 95.48652648925781
500.0 95.49406433105469
500.0 95.5015869140625
500.0 95.50909423828125
500.0 95.51659393310547
500.0 95.52407836914062
500.0 95.53154754638672
500.0 95.53900909423828
500.0 95.54645538330078
500.0 95.55389404296875
500.0 95.56131744384766
500.0 95.5687255859375
500.0 95.57612609863281
500.0 95.58351135253906
500.0 95.59088134765625
500.0 95.5982437133789
500.0 95.6055908203125
500.0 95.61293029785156
500.0 95.62025451660156
500.0 95.6275634765625
500.0 95.6348648071289
500.0 95.64215087890625
500.0 95.64942932128906
500.0 95.65669250488281
500.0 95.6639404296875
500.0 95.67118072509766
500.0 95.67840576171875
500.0 95.68562316894531
500.0 95.69282531738281
500.0 95.70001983642578
500.0 95.70719909667969
500.0 95.71436309814453
500.0 95.72151947021484
500.0 95.7286605834961
500.0 95.73579406738281
500.0 95.74291229248047
500.0 95.7500228881836
500.0 95.75711822509766
500.0 95.76420593261719
500.0 95.77127838134766
500.0 95.77833557128906
500.0 95.78538513183594
500.0 95.79241943359375
500.0 95.79944610595703
500.0 95.80645751953125
500.0 95.81346130371094
500.0 95.82044982910156
500.0 95.82743072509766
500.0 95.83439636230469
500.0 95.84135437011719
500.0 95.84829711914062
500.0 95.85523223876953
500.0 95.86215209960938
500.0 95.86906433105469
500.0 95.87596130371094
500.0 95.88285064697266
500.0 95.88972473144531
500.0 95.89659118652344
500.0 95.9034423828125
500.0 95.91028594970703
500.0 95.9171142578125
500.0 95.92393493652344
500.0 95.93074035644531
500.0 95.93753814697266
500.0 95.94432067871094
500.0 95.95109558105469
500.0 95.95785522460938
500.0 95.96460723876953
500.0 95.97134399414062
500.0 95.97807312011719
500.0 95.98478698730469
500.0 95.99149322509766
500.0 95.99818420410156
500.0 96.00486755371094
500.0 96.01153564453125
500.0 96.01819610595703
500.0 96.02484893798828
500.0 96.03148651123047
500.0 96.03811645507812
500.0 96.04473114013672
500.0 96.05133819580078
500.0 96.05792999267578
500.0 96.06451416015625
500.0 96.07108306884766
500.0 96.07764434814453
500.0 96.08419799804688
500.0 96.09073638916016
500.0 96.0972671508789
500.0 96.1037826538086
500.0 96.11029052734375
500.0 96.11678314208984
500.0 96.1232681274414
500.0 96.12974548339844
500.0 96.1362075805664
500.0 96.14266204833984
500.0 96.14910125732422
500.0 96.15553283691406
500.0 96.16195678710938
500.0 96.16836547851562
500.0 96.17476654052734
500.0 96.18115234375
500.0 96.18753051757812
500.0 96.19390106201172
500.0 96.20025634765625
500.0 96.20660400390625
500.0 96.21293640136719
500.0 96.2192611694336
500.0 96.22557830810547
500.0 96.23188018798828
500.0 96.23817443847656
500.0 96.24445343017578
500.0 96.25072479248047
500.0 96.25698852539062
500.0 96.26323699951172
500.0 96.26947784423828
500.0 96.27571105957031
500.0 96.28192901611328
500.0 96.28813934326172
500.0 96.29434204101562
500.0 96.30052947998047
500.0 96.30670928955078
500.0 96.31287384033203
500.0 96.31903076171875
500.0 96.32518005371094
500.0 96.33131408691406
500.0 96.33744049072266
500.0 96.34355926513672
500.0 96.34966278076172
500.0 96.35575866699219
500.0 96.36184692382812
500.0 96.367919921875
500.0 96.37398529052734
500.0 96.38004302978516
500.0 96.3860855102539
500.0 96.39212036132812
500.0 96.39814758300781
500.0 96.40416717529297
500.0 96.41017150878906
500.0 96.41616821289062
500.0 96.42215728759766
500.0 96.42813110351562
500.0 96.43409729003906
500.0 96.44005584716797
500.0 96.44599914550781
500.0 96.45193481445312
500.0 96.4578628540039
500.0 96.46377563476562
500.0 96.46968078613281
500.0 96.47557830810547
500.0 96.4814682006836
500.0 96.48734283447266
500.0 96.49320983886719
500.0 96.49906921386719
500.0 96.50491333007812
500.0 96.51074981689453
500.0 96.5165786743164
500.0 96.52239990234375
500.0 96.52820587158203
500.0 96.53400421142578
500.0 96.539794921875
500.0 96.54557800292969
500.0 96.55134582519531
500.0 96.5571060180664
500.0 96.56285858154297
500.0 96.568603515625
500.0 96.57433319091797
500.0 96.5800552368164
500.0 96.58576965332031
500.0 96.59147644042969
500.0 96.59716796875
500.0 96.60285186767578
500.0 96.60852813720703
500.0 96.61419677734375
500.0 96.6198501586914
500.0 96.62549591064453
500.0 96.63113403320312
500.0 96.63676452636719
500.0 96.64237976074219
500.0 96.64798736572266
500.0 96.6535873413086
500.0 96.6591796875
500.0 96.66476440429688
500.0 96.67033386230469
500.0 96.67589569091797
500.0 96.68144989013672
500.0 96.68699645996094
500.0 96.6925277709961
500.0 96.69805145263672
500.0 96.70356750488281
500.0 96.70907592773438
500.0 96.7145767211914
500.0 96.72006225585938
500.0 96.72554016113281
500.0 96.73101043701172
500.0 96.7364730834961
500.0 96.74192810058594
500.0 96.74736785888672
500.0 96.75279998779297
500.0 96.75822448730469
500.0 96.76364135742188
500.0 96.76905059814453
500.0 96.77444458007812
500.0 96.77983093261719
500.0 96.78520965576172
500.0 96.79058074951172
500.0 96.79594421386719
500.0 96.80130004882812
500.0 96.806640625
500.0 96.81197357177734
500.0 96.81729888916016
500.0 96.82261657714844
500.0 96.82792663574219
500.0 96.8332290649414
500.0 96.83851623535156
500.0 96.84379577636719
500.0 96.84906768798828
500.0 96.85433197021484
500.0 96.85958862304688
500.0 96.86483764648438
500.0 96.87007904052734
500.0 96.87530517578125
500.0 96.88052368164062
500.0 96.88573455810547
500.0 96.89093780517578
500.0 96.89613342285156
500.0 96.90132141113281
500.0 96.90650177001953
500.0 96.91166687011719
500.0 96.91682434082031
500.0 96.9219741821289
500.0 96.92711639404297
500.0 96.9322509765625
500.0 96.9373779296875
500.0 96.94249725341797
500.0 96.9476089477539
500.0 96.95270538330078
500.0 96.95779418945312
500.0 96.96287536621094
500.0 96.96794891357422
500.0 96.97301483154297
500.0 96.97807312011719
500.0 96.98312377929688
500.0 96.98816680908203
500.0 96.99320220947266
500.0 96.99822998046875
500.0 97.00324249267578
500.0 97.00824737548828
500.0 97.01324462890625
500.0 97.01823425292969
500.0 97.0232162475586
500.0 97.02819061279297
500.0 97.03315734863281
500.0 97.03811645507812
500.0 97.0430679321289
500.0 97.04801177978516
500.0 97.05294799804688
500.0 97.05786895751953
500.0 97.06278228759766
500.0 97.06768798828125
500.0 97.07258605957031
500.0 97.07747650146484
500.0 97.08235931396484
500.0 97.08723449707031
500.0 97.09210205078125
500.0 97.09696197509766
500.0 97.10181427001953
500.0 97.10665893554688
500.0 97.11149597167969
500.0 97.11632537841797
500.0 97.12114715576172
500.0 97.12596130371094
500.0 97.13076782226562
500.0 97.13555908203125
500.0 97.14034271240234
500.0 97.1451187133789
500.0 97.14988708496094
500.0 97.15464782714844
500.0 97.1594009399414
500.0 97.16414642333984
500.0 97.16888427734375
500.0 97.17361450195312
500.0 97.17833709716797
500.0 97.18305206298828
500.0 97.18775939941406
500.0 97.19245910644531
500.0 97.19715118408203
500.0 97.20183563232422
500.0 97.20651245117188
500.0 97.211181640625
500.0 97.2158432006836
500.0 97.22049713134766
500.0 97.22514343261719
500.0 97.22978210449219
500.0 97.23441314697266
500.0 97.2390365600586
500.0 97.24365234375
500.0 97.24826049804688
500.0 97.25286102294922
500.0 97.25745391845703
500.0 97.26203918457031
500.0 97.26661682128906
500.0 97.27118682861328
500.0 97.27574920654297
500.0 97.28030395507812
500.0 97.28485107421875
500.0 97.28939056396484
500.0 97.2939224243164
500.0 97.29844665527344
500.0 97.30296325683594
500.0 97.3074722290039
500.0 97.31197357177734
500.0 97.31646728515625
500.0 97.32095336914062
500.0 97.32543182373047
500.0 97.32990264892578
500.0 97.33436584472656
500.0 97.33882141113281
500.0 97.34326934814453
500.0 97.34770965576172
500.0 97.35214233398438
500.0 97.3565673828125
500.0 97.3609848022461
500.0 97.36539459228516
500.0 97.36979675292969
500.0 97.37419128417969
500.0 97.37857818603516
500.0 97.3829574584961
500.0 97.3873291015625
500.0 97.39169311523438
500.0 97.39604949951172
500.0 97.40040588378906
500.0 97.40475463867188
500.0 97.40909576416016
500.0 97.4134292602539
500.0 97.41775512695312
500.0 97.42207336425781
500.0 97.42638397216797
500.0 97.4306869506836
500.0 97.43498229980469
500.0 97.43927001953125
500.0 97.44355010986328
500.0 97.44782257080078
500.0 97.45208740234375
500.0 97.45634460449219
500.0 97.4605941772461
500.0 97.46483612060547
500.0 97.46907806396484
500.0 97.47331237792969
500.0 97.4775390625
500.0 97.48175811767578
500.0 97.48596954345703
500.0 97.49017333984375
500.0 97.49436950683594
500.0 97.4985580444336
500.0 97.50273895263672
500.0 97.50691223144531
500.0 97.51107788085938
500.0 97.5152359008789
500.0 97.5193862915039
500.0 97.5235366821289
500.0 97.52767944335938
500.0 97.53181457519531
500.0 97.53594207763672
500.0 97.5400619506836
500.0 97.54417419433594
500.0 97.54827880859375
500.0 97.55237579345703
500.0 97.55646514892578
500.0 97.560546875
500.0 97.56462860107422
500.0 97.5687026977539
500.0 97.57276916503906
500.0 97.57682800292969
500.0 97.58087921142578
500.0 97.58492279052734
500.0 97.58895874023438
500.0 97.59298706054688
500.0 97.59701538085938
500.0 97.60103607177734
500.0 97.60504913330078
500.0 97.60905456542969
500.0 97.61305236816406
500.0 97.6170425415039
500.0 97.62102508544922
500.0 97.625
500.0 97.62897491455078
500.0 97.63294219970703
500.0 97.63690185546875
500.0 97.64085388183594
500.0 97.6447982788086
500.0 97.64873504638672
500.0 97.65266418457031
500.0 97.65658569335938
500.0 97.66050720214844
500.0 97.66442108154297
500.0 97.66832733154297
500.0 97.67222595214844
500.0 97.67611694335938
500.0 97.68000030517578
500.0 97.68387603759766
500.0 97.68775177001953
500.0 97.69161987304688
500.0 97.69548034667969
500.0 97.69933319091797
500.0 97.70317840576172
500.0 97.70701599121094
500.0 97.71085357666016
500.0 97.71468353271484
500.0 97.718505859375
500.0 97.72232055664062
500.0 97.72612762451172
500.0 97.72992706298828
500.0 97.73372650146484
500.0 97.73751831054688
500.0 97.74130249023438
500.0 97.74507904052734
500.0 97.74884796142578
500.0 97.75260925292969
500.0 97.7563705444336
500.0 97.76012420654297
500.0 97.76387023925781
500.0 97.76760864257812
500.0 97.7713394165039
500.0 97.77507019042969
500.0 97.77879333496094
500.0 97.78250885009766
500.0 97.78621673583984
500.0 97.7899169921875
500.0 97.79360961914062
500.0 97.79730224609375
500.0 97.80098724365234
500.0 97.8046646118164
500.0 97.80833435058594
500.0 97.81199645996094
500.0 97.81565856933594
500.0 97.8193130493164
500.0 97.82295989990234
500.0 97.82659912109375
500.0 97.83023071289062
500.0 97.8338623046875
500.0 97.83748626708984
500.0 97.84110260009766
500.0 97.84471130371094
500.0 97.84832000732422
500.0 97.85192108154297
500.0 97.85551452636719
500.0 97.85910034179688
500.0 97.86267852783203
500.0 97.86625671386719
500.0 97.86982727050781
500.0 97.8733901977539
500.0 97.87694549560547
500.0 97.8804931640625
500.0 97.88404083251953
500.0 97.88758087158203
500.0 97.89111328125
500.0 97.89463806152344
500.0 97.89816284179688
500.0 97.90167999267578
500.0 97.90518951416016
500.0 97.90869140625
500.0 97.91219329833984
500.0 97.91568756103516
500.0 97.91917419433594
500.0 97.92265319824219
500.0 97.9261245727539
500.0 97.92959594726562
500.0 97.93305969238281
500.0 97.93651580810547
500.0 97.9399642944336
500.0 97.94341278076172
500.0 97.94685363769531
500.0 97.95028686523438
500.0 97.9537124633789
500.0 97.95713806152344
500.0 97.96055603027344
500.0 97.9639663696289
500.0 97.96736907958984
500.0 97.97077178955078
500.0 97.97416687011719
500.0 97.97755432128906
500.0 97.9809341430664
500.0 97.98431396484375
500.0 97.98768615722656
500.0 97.99105072021484
500.0 97.99441528320312
500.0 97.99777221679688
500.0 98.0011215209961
500.0 98.00446319580078
500.0 98.00780487060547
500.0 98.01113891601562
500.0 98.01446533203125
500.0 98.01778411865234
500.0 98.02110290527344
500.0 98.0244140625
500.0 98.02771759033203
500.0 98.03102111816406
500.0 98.03431701660156
500.0 98.03760528564453
500.0 98.04088592529297
500.0 98.0441665649414
500.0 98.04743957519531
500.0 98.05070495605469
500.0 98.05397033691406
500.0 98.0572280883789
500.0 98.06047821044922
500.0 98.063720703125
500.0 98.06696319580078
500.0 98.07019805908203
500.0 98.07342529296875
500.0 98.07665252685547
500.0 98.07987213134766
500.0 98.08308410644531
500.0 98.08628845214844
500.0 98.08949279785156
500.0 98.09268951416016
500.0 98.09587860107422
500.0 98.09906768798828
500.0 98.10224914550781
500.0 98.10542297363281
500.0 98.10859680175781
500.0 98.11176300048828
500.0 98.11492156982422
500.0 98.11807250976562
500.0 98.12122344970703
500.0 98.1243667602539
500.0 98.12750244140625
500.0 98.1306381225586
500.0 98.1337661743164
500.0 98.13688659667969
500.0 98.14000701904297
500.0 98.14311981201172
500.0 98.14622497558594
500.0 98.14933013916016
500.0 98.15242767333984
500.0 98.155517578125
500.0 98.15860748291016
500.0 98.16168975830078
500.0 98.16476440429688
500.0 98.16783905029297
500.0 98.17090606689453
500.0 98.17396545410156
