500.0 4.999995231628418
500.0 9.954990549087483
500.0 14.865390951218483
500.0 19.73159779187661
500.0 24.5540088127358
500.0 29.33301817579834
500.0 34.06901649561189
500.0 38.762390871196516
500.0 43.413524917684434
500.0 48.022798797674966
500.0 52.590589252307296
500.0 57.11726963205359
500.0 61.603209927234985
500.0 66.04877679826288
500.0 70.45433360560813
500.0 74.82024043950047
500.0 79.14685414936065
500.0 83.43452837296772
500.0 87.68361356536373
500.0 91.89445702749836
500.0 96.06740293461574
500.0 100.20279236438574
500.0 104.30096332478215
500.0 108.36225078170988
500.0 112.38698668638355
500.0 116.37550000245976
500.0 120.32811673292497
500.0 124.24515994674157
500.0 128.12694980525407
500.0 131.9738035883576
500.0 135.78603572043104
500.0 139.56395779603648
500.0 143.30787860538763
500.0 147.01810415958894
500.0 150.69493771564757
500.0 154.33867980126018
500.0 157.94962823937678
500.0 161.52807817254333
500.0 165.07432208702548
500.0 168.58864983671492
500.0 172.07134866682088
500.0 175.52270323734814
500.0 178.94299564636387
500.0 182.33250545305506
500.0 185.69150970057842
500.0 189.02028293870464
500.0 192.31909724625882
500.0 195.58822225335896
500.0 198.82792516345432
500.0 202.03847077516542
500.0 205.22012150392746
500.0 208.37313740343896
500.0 211.4977761869174
500.0 214.59429324816352
500.0 217.66294168243604
500.0 220.70397230713854
500.0 223.7176336823201
500.0 226.70417213099148
500.0 229.66383175925847
500.0 232.59685447627405
500.0 235.5034800140108
500.0 238.38394594685568
500.0 241.2384877110282
500.0 244.0673386238239
500.0 246.87072990268467
500.0 249.64889068409738
500.0 252.40204804232252
500.0 255.13042700795418
500.0 257.83425058631303
500.0 260.51373977567374
500.0 263.16911358532843
500.0 265.8005890534875
500.0 268.4083812650193
500.0 270.9927033690301
500.0 273.55376659628627
500.0 276.0917802764789
500.0 278.60695185533376
500.0 281.0994869115668
500.0 283.5695891736874
500.0 286.01746053664993
500.0 288.44330107835606
500.0 290.84730907600795
500.0 293.22968102231476
500.0 295.59061164155287
500.0 297.93029390548185
500.0 300.24891904911715
500.0 302.54667658636066
500.0 304.82375432549077
500.0 307.080338384513
500.0 309.3166132063725
500.0 311.53276157402934
500.0 313.72896462539865
500.0 315.90540186815576
500.0 318.0622511944086
500.0 320.1996888952375
500.0 322.31788967510477
500.0 324.4170266661339
500.0 326.49727144226074
500.0 328.55879403325736
500.0 330.6017629386292
500.0 332.6263451413876
500.0 334.63270612169833
500.0 336.621009870407
500.0 338.5914189024431
500.0 340.54409427010296
500.0 342.47919557621384
500.0 344.39688098717886
500.0 346.2973072459048
500.0 348.1806296846137
500.0 350.0470022375389
500.0 351.89657745350695
500.0 353.72950650840636
500.0 355.54593921754383
500.0 357.3460240478896
500.0 359.1299081302125
500.0 360.89773727110577
500.0 362.64965596490435
500.0 364.3858074054956
500.0 366.106333498023
500.0 367.81137487048505
500.0 369.50107088522947
500.0 371.1755596503439
500.0 372.8349780309446
500.0 374.4794616603628
500.0 376.1091449512309
500.0 377.7241611064689
500.0 379.3246421301716
500.0 380.91071883839794
500.0 382.48252086986366
500.0 384.0401766965371
500.0 385.58381363414
500.0 387.1135578525535
500.0 388.62953438613124
500.0 390.1318671439185
500.0 391.6206789197803
500.0 393.09609140243793
500.0 394.5582251854152
500.0 396.0071997768953
500.0 397.44313360948865
500.0 398.86614404991343
500.0 400.2763474085882
500.0 401.6738589491388
500.0 403.05879289781933
500.0 404.4312624528487
500.0 405.7913797936629
500.0 407.1392560900837
500.0 408.4750015114056
500.0 409.7987252354004
500.0 411.11053545724087
500.0 412.41053939834416
500.0 413.6988433151355
500.0 414.9755525077333
500.0 416.24077132855587
500.0 417.49460319085046
500.0 418.7371505771461
500.0 419.96851504763
500.0 421.1887972484484
500.0 422.3980969199332
500.0 423.59651290475415
500.0 424.7841431559978
500.0 425.96108474517376
500.0 427.12743387014893
500.0 428.2832858630102
500.0 429.42873519785644
500.0 430.56387549852053
500.0 431.6887995462216
500.0 432.8035992871487
500.0 433.90836583997583
500.0 435.00318950330984
500.0 436.0881597630708
500.0 437.16336529980623
500.0 438.22889399593964
500.0 439.28483294295336
500.0 440.33126844850716
500.0 441.36828604349256
500.0 442.3959704890239
500.0 443.4144057833662
500.0 444.4236751688007
500.0 445.4238611384289
500.0 446.4150454429151
500.0 447.3973090971683
500.0 448.3707323869641
500.0 449.33539487550667
500.0 450.29137540993213
500.0 451.238752127753
500.0 452.1776024632449
500.0 453.1080031537756
500.0 454.0300302460772
500.0 454.9437591024619
500.0 455.8492644069818
500.0 456.746620171533
500.0 457.6358997419053
500.0 458.517175803777
500.0 459.3905203886559
500.0 460.25600487976686
500.0 461.11370001788634
500.0 461.9636759071244
500.0 462.8060020206547
500.0 463.640747206393
500.0 464.4679796926243
500.0 465.2877670935797
500.0 466.10017641496285
500.0 466.90527405942646
500.0 467.7031258320001
500.0 468.49379694546866
500.0 469.2773520257023
500.0 470.05385511693925
500.0 470.8233696870198
500.0 471.58595863257443
500.0 472.3416842841644
500.0 473.0906084113765
500.0 473.8327922278718
500.0 474.5682963963888
500.0 475.2971810337021
500.0 476.0195057155356
500.0 476.73532948143236
500.0 477.44471083958
500.0 478.147707771593
500.0 478.84437773725176
500.0 479.5347776791992
500.0 480.2189640275948
500.0 480.89699270472727
500.0 481.56891912958514
500.0 482.2347982223865
500.0 482.89468440906785
500.0 483.548631625733
500.0 484.19669332306097
500.0 484.83892247067536
500.0 485.47537156147354
500.0 486.1060926159172
500.0 486.7311371862844
500.0 487.3505563608831
500.0 487.96440076822694
500.0 488.5727205811733
500.0 489.17556552102445
500.0 489.77298486159117
500.0 490.3650274332205
500.0 490.9517416267867
500.0 491.53317539764663
500.0 492.1093762695593
500.0 492.6803913385703
500.0 493.24626727686126
500.0 493.8070503365646
500.0 494.3627863535438
500.0 494.91352075114014
500.0 495.4592985438851
500.0 496.0001643411798
500.0 496.53616235094114
500.0 497.06733638321515
500.0 497.5937298537578
500.0 498.1153857875836
500.0 498.63234682248236
500.0 499.1446552125042
500.0 499.652352831413
500.0 500.1554811761092
500.0 500.6540813700216
500.0 501.1481941664682
500.0 501.6378599519879
500.0 502.1231187496407
500.0 502.6040102222796
500.0 503.0805736757923
500.0 503.5528480623138
500.0 504.02087198341013
500.0 504.4846836932337
500.0 504.9443211016498
500.0 505.3998217773352
500.0 505.85122295084903
500.0 506.29856151767564
500.0 506.74187404124035
500.0 507.181196755898
500.0 507.6165655698944
500.0 508.0480160683017
500.0 508.4755835159265
500.0 508.89930286019245
500.0 509.31920873399685
500.0 509.7353354585411
500.0 510.1477170461361
500.0 510.55638720298225
500.0 510.96137933192443
500.0 511.3627265351822
500.0 511.76046161705546
500.0 512.1546170866056
500.0 512.5452251603128
500.0 512.9323177647093
500.0 513.3159265389887
500.0 513.6960828375921
500.0 514.072817732771
500.0 514.4461620171269
500.0 514.816146206128
500.0 515.1828005406037
500.0 515.5461549892161
500.0 515.9062392509097
500.0 516.2630827573387
500.0 516.6167146752725
500.0 516.9671639089803
500.0 517.3144591025927
500.0 517.6586286424433
500.0 517.9997006593894
500.0 518.3377030311104
500.0 518.6726633843871
500.0 519.0046090973592
500.0 519.3335673017637
500.0 519.6595648851519
500.0 519.9826284930878
500.0 520.3027845313251
500.0 520.6200591679661
500.0 520.9344783356006
500.0 521.2460677334251
500.0 521.5548528293435
500.0 521.8608588620491
500.0 522.1641108430867
500.0 522.4646335588978
500.0 522.7624515728461
500.0 523.057589227225
500.0 523.3500706452477
500.0 523.6399197330186
500.0 523.9271601814874
500.0 524.2118154683852
500.0 524.4939088601443
500.0 524.7734634137987
500.0 525.0505019788696
500.0 525.3250471992328
500.0 525.5971215149691
500.0 525.8667471641991
500.0 526.1339461849002
500.0 526.3987404167084
500.0 526.6611515027031
500.0 526.9212008911761
500.0 527.1789098373848
500.0 527.4342994052896
500.0 527.6873904692753
500.0 527.9382037158574
500.0 528.1867596453731
500.0 528.4330785736564
500.0 528.6771806336994
500.0 528.9190857772971
500.0 529.1588137766788
500.0 529.3963842261236
500.0 529.6318165435625
500.0 529.8651299721652
500.0 530.096343581913
500.0 530.3254762711575
500.0 530.5525467681656
500.0 530.7775736326496
500.0 531.0005752572846
500.0 531.221569869212
500.0 531.4405755315288
500.0 531.6576101447645
500.0 531.8726914483439
500.0 532.0858370220371
500.0 532.2970642873966
500.0 532.5063905091807
500.0 532.7138327967655
500.0 532.9194081055425
500.0 533.123133238305
500.0 533.3250248466212
500.0 533.5250994321954
500.0 533.7233733482167
500.0 533.9198628006956
500.0 534.1145838497887
500.0 534.3075524111113
500.0 534.4987842570382
500.0 534.6882950179931
500.0 534.8761001837261
500.0 535.0622151045793
500.0 535.2466549927423
500.0 535.4294349234949
500.0 535.6105698364396
500.0 535.7900745367224
500.0 535.9679636962434
500.0 536.1442518548555
500.0 536.3189534215533
500.0 536.4920826756502
500.0 536.6636537679462
500.0 536.8336807218842
500.0 537.0021774346961
500.0 537.1691576785389
500.0 537.3346351016203
500.0 537.4986232293143
500.0 537.6611354652665
500.0 537.82218509249
500.0 537.9817852744509
500.0 538.1399490561439
500.0 538.2966893651592
500.0 538.4520190127387
500.0 538.6059506948232
500.0 538.7584969930901
500.0 538.909670375982
500.0 539.0594831997254
500.0 539.2079477093409
500.0 539.3550760396442
500.0 539.5008802162376
500.0 539.6453721564931
500.0 539.7885636705264
500.0 539.9304664621625
500.0 540.0710921298918
500.0 540.2104521678185
500.0 540.3485579666001
500.0 540.4854208143779
500.0 540.6210518977005
500.0 540.7554623024373
500.0 540.8886630146851
500.0 541.020664921666
500.0 541.151478812617
500.0 541.2811153796723
500.0 541.4095852187368
500.0 541.5368988303522
500.0 541.6630666205559
500.0 541.7880989017307
500.0 541.912005893448
500.0 542.0347977233034
500.0 542.1564844277441
500.0 542.2770759528892
500.0 542.396582155343
500.0 542.5150128030006
500.0 542.6323775758457
500.0 542.7486860667425
500.0 542.8639477822195
500.0 542.9781721432465
500.0 543.0913684860047
500.0 543.2035460626497
500.0 543.3147140420676
500.0 543.424881510625
500.0 543.534057472911
500.0 543.6422508524734
500.0 543.7494704925483
500.0 543.8557251567829
500.0 543.9610235299514
500.0 544.0653742186652
500.0 544.1687857520761
500.0 544.271266582574
500.0 544.372825086477
500.0 544.4734695647165
500.0 544.5732082435158
500.0 544.6720492750618
500.0 544.7700007381724
500.0 544.8670706389556
500.0 544.963266911465
500.0 545.0585974183474
500.0 545.1530699514861
500.0 545.2466922326375
500.0 545.3394719140621
500.0 545.4314165791501
500.0 545.5225337430415
500.0 545.61283085324
500.0 545.7023152902217
500.0 545.7909943680386
500.0 545.8788753349163
500.0 545.9659653738464
500.0 546.0522716031736
500.0 546.1378010771776
500.0 546.2225607866498
500.0 546.3065576594641
500.0 546.3897985611442
500.0 546.4722902954235
500.0 546.5540396048024
500.0 546.6350531710985
500.0 546.7153376159933
500.0 546.7948995015732
500.0 546.8737453308657
500.0 546.9518815483714
500.0 547.0293145405901
500.0 547.1060506365435
500.0 547.182096108292
500.0 547.2574571714473
500.0 547.3321399856811
500.0 547.4061506552279
500.0 547.4794952293839
500.0 547.552179703002
500.0 547.6242100169815
500.0 547.6955920587533
500.0 547.7663316627619
500.0 547.8364346109415
500.0 547.9059066331893
500.0 547.9747534078331
500.0 548.042980562096
500.0 548.1105936725561
500.0 548.1775982656025
500.0 548.2439998178864
500.0 548.3098037567698
500.0 548.375015460768
500.0 548.43964025999
500.0 548.5036834365737
500.0 548.5671502251179
500.0 548.6300458131099
500.0 548.6923753413497
500.0 548.7541439043704
500.0 548.8153565508541
500.0 548.8760182840448
500.0 548.9361340621574
500.0 548.995708798783
500.0 549.0547473632903
500.0 549.1132545812237
500.0 549.171235234698
500.0 549.2286940627886
500.0 549.2856357619196
500.0 549.3420649862471
500.0 549.39798634804
500.0 549.4534044180568
500.0 549.5083237259191
500.0 549.562748760482
500.0 549.6166839702009
500.0 549.6701337634954
500.0 549.7231025091089
500.0 549.7755945364665
500.0 549.8276141360285
500.0 549.8791655596409
500.0 549.9302530208832
500.0 549.9808806954129
500.0 550.0310527213063
500.0 550.0807731993973
500.0 550.1300461936123
500.0 550.1788757313022
500.0 550.2272658035721
500.0 550.2752203656069
500.0 550.3227433369949
500.0 550.3698386020484
500.0 550.4165100101205
500.0 550.4627613759206
500.0 550.5085964798255
500.0 550.5540190681887
500.0 550.5990328536465
500.0 550.6436415154215
500.0 550.6878486996234
500.0 550.7316580195469
500.0 550.7750730559671
500.0 550.8180973574322
500.0 550.8607344405533
500.0 550.9029877902923
500.0 550.9448608602463
500.0 550.9863570729301
500.0 551.027479820056
500.0 551.0682324628107
500.0 551.1086183321304
500.0 551.1486407289729
500.0 551.1883029245872
500.0 551.2276081607815
500.0 551.2665596501874
500.0 551.305160576523
500.0 551.3434140948528
500.0 551.381323331846
500.0 551.4188913860316
500.0 551.4561213280521
500.0 551.4930162009139
500.0 551.5295790202366
500.0 551.5658127744992
500.0 551.6017204252845
500.0 551.6373049075208
500.0 551.6725691297225
500.0 551.7075159742271
500.0 551.7421482974311
500.0 551.7764689300234
500.0 551.810480677217
500.0 551.8441863189778
500.0 551.877588610252
500.0 551.9106902811915
500.0 551.9434940373766
500.0 551.9760025600376
500.0 552.0082185062737
500.0 552.0401445092701
500.0 552.0717831785137
500.0 552.1031371000056
500.0 552.1342088364731
500.0 552.1650009275792
500.0 552.1955158901296
500.0 552.225756218279
500.0 552.2557243837346
500.0 552.2854228359582
500.0 552.3148540023668
500.0 552.3440202885304
500.0 552.3729240783688
500.0 552.4015677343467
500.0 552.4299535976667
500.0 552.4580839884604
500.0 552.4859612059785
500.0 552.5135875287781
500.0 552.5409652149096
500.0 552.568096502101
500.0 552.5949836079404
500.0 552.6216287300582
500.0 552.6480340463056
500.0 552.6742017149334
500.0 552.7001338747681
500.0 552.7258326453868
500.0 552.7513001272906
500.0 552.7765384020759
500.0 552.8015495326047
500.0 552.8263355631734
500.0 552.8508985196797
500.0 552.8752404097884
500.0 552.899363223095
500.0 552.9232689312888
500.0 552.9469594883141
500.0 552.9704368305295
500.0 552.9937028768665
500.0 553.0167595289861
500.0 553.0396086714345
500.0 553.062252171797
500.0 553.0846918808506
500.0 553.1069296327154
500.0 553.1289672450042
500.0 553.1508065189715
500.0 553.1724492396606
500.0 553.1938971760493
500.0 553.2151520811946
500.0 553.2362156923759
500.0 553.2570897312374
500.0 553.2777759039284
500.0 553.2982759012426
500.0 553.318591398757
500.0 553.3387240569682
500.0 553.3586755214283
500.0 553.3784474228794
500.0 553.3980413773871
500.0 553.4174589864725
500.0 553.4367018372428
500.0 553.4557715025213
500.0 553.474669540976
500.0 553.4933974972469
500.0 553.5119569020719
500.0 553.5303492724129
500.0 553.5485761115787
500.0 553.5666389093484
500.0 553.5845391420933
500.0 553.602278272897
500.0 553.6198577516758
500.0 553.6372790152965
500.0 553.6545434876941
500.0 553.6716525799883
500.0 553.6886076905987
500.0 553.7054102053592
500.0 553.722061497631
500.0 553.7385629284153
500.0 553.7549158464641
500.0 553.7711215883909
500.0 553.7871814787794
500.0 553.8030968302922
500.0 553.8188689437782
500.0 553.834499108378
500.0 553.8499886016307
500.0 553.865338689577
500.0 553.8805506268635
500.0 553.895625656845
500.0 553.9105650116861
500.0 553.9253699124619
500.0 553.9400415692577
500.0 553.9545811812683
500.0 553.9689899368956
500.0 553.9832690138459
500.0 553.9974195792262
500.0 554.0114427896395
500.0 554.0253397912795
500.0 554.039111720024
500.0 554.0527597015281
500.0 554.0662848513157
500.0 554.0796882748713
500.0 554.09297106773
500.0 554.1061343155669
500.0 554.1191790942863
500.0 554.1321064701092
500.0 554.1449174996607
500.0 554.1576132300561
500.0 554.170194698987
500.0 554.1826629348054
500.0 554.1950189566085
500.0 554.2072637743214
500.0 554.21939838878
500.0 554.2314237918126
500.0 554.2433409663212
500.0 554.2551508863614
500.0 554.2668545172227
500.0 554.2784528155066
500.0 554.2899467292056
500.0 554.3013371977798
500.0 554.3126251522348
500.0 554.3238115151964
500.0 554.3348972009875
500.0 554.3458831157016
500.0 554.3567701572775
500.0 554.3675592155728
500.0 554.378251172436
500.0 554.3888469017792
500.0 554.3993472696492
500.0 554.4097531342985
500.0 554.4200653462553
500.0 554.430284748393
500.0 554.4404121759991
500.0 554.4504484568437
500.0 554.4603944112469
500.0 554.4702508521458
500.0 554.4800185851612
500.0 554.4896984086633
500.0 554.499291113837
500.0 554.5087974847464
500.0 554.5182182983992
500.0 554.5275543248101
500.0 554.5368063270635
500.0 554.5459750613759
500.0 554.5550612771582
500.0 554.5640657170765
500.0 554.5729891171127
500.0 554.5818322066252
500.0 554.590595708408
500.0 554.5992803387501
500.0 554.6078868074935
500.0 554.6164158180922
500.0 554.6248680676686
500.0 554.6332442470714
500.0 554.6415450409314
500.0 554.6497711277179
500.0 554.657923179794
500.0 554.6660018634714
500.0 554.674007839065
500.0 554.681941760947
500.0 554.6898042776002
500.0 554.697596031671
500.0 554.7053176600219
500.0 554.712969793784
500.0 554.720553058408
500.0 554.7280680737153
500.0 554.7355154539495
500.0 554.7428958078254
500.0 554.7502097385799
500.0 554.7574578440203
500.0 554.764640716574
500.0 554.7717589433364
500.0 554.778813106119
500.0 554.7858037814971
500.0 554.7927315408567
500.0 554.7995969504416
500.0 554.8064005713992
500.0 554.8131429598266
500.0 554.819824666816
500.0 554.8264462384998
500.0 554.8330082160953
500.0 554.8395111359488
500.0 554.8459555295793
500.0 554.8523419237225
500.0 554.8586708403733
500.0 554.8649427968285
500.0 554.8711583057294
500.0 554.8773178751036
500.0 554.8834220084062
500.0 554.8894712045616
500.0 554.8954659580035
500.0 554.9014067587158
500.0 554.9072940922728
500.0 554.9131284398782
500.0 554.9189102784053
500.0 554.9246400804352
500.0 554.9303183142961
500.0 554.935945444101
500.0 554.9415219297858
500.0 554.9470482271474
500.0 554.9525247878802
500.0 554.9579520596134
500.0 554.9633304859476
500.0 554.9686605064909
500.0 554.973942556895
500.0 554.979177068891
500.0 554.9843644703238
500.0 554.9895051851884
500.0 554.9945996336631
500.0 554.9996482321454
500.0 555.0046513932847
500.0 555.0096095260167
500.0 555.0145230355967
500.0 555.0193923236326
500.0 555.024217788118
500.0 555.0289998234643
500.0 555.0337388205337
500.0 555.0384351666701
500.0 555.0430892457315
500.0 555.0477014381214
500.0 555.0522721208193
500.0 555.0568016674122
500.0 555.0612904481246
500.0 555.0657388298491
500.0 555.0701471761763
500.0 555.0745158474244
500.0 555.0788452006688
500.0 555.083135589771
500.0 555.0873873654083
500.0 555.0916008751012
500.0 555.0957764632432
500.0 555.0999144711276
500.0 555.1040152369766
500.0 555.1080790959682
500.0 555.1121063802636
500.0 555.1160974190351
500.0 555.1200525384919
500.0 555.1239720619075
500.0 555.127856309646
500.0 555.1317055991882
500.0 555.1355202451575
500.0 555.1393005593459
500.0 555.143046850739
500.0 555.1467594255417
500.0 555.1504385872031
500.0 555.1540846364411
500.0 555.1576978712673
500.0 555.161278587011
500.0 555.1648270763437
500.0 555.168343629303
500.0 555.1718285333158
500.0 555.1752820732223
500.0 555.1787045312993
500.0 555.182096187283
500.0 555.1854573183921
500.0 555.1887881993499
500.0 555.1920891024077
500.0 555.1953602973664
500.0 555.1986020515985
500.0 555.2018146300703
500.0 555.2049982953635
500.0 555.2081533076963
500.0 555.2112799249452
500.0 555.2143784026657
500.0 555.2174489941134
500.0 555.2204919502643
500.0 555.2235075198361
500.0 555.2264959493075
500.0 555.2294574829393
500.0 555.2323923627939
500.0 555.235300828755
500.0 555.2381831185475
500.0 555.2410394677564
500.0 555.2438701098471
500.0 555.2466752761832
500.0 555.2494551960464
500.0 555.2522100966546
500.0 555.254940203181
500.0 555.2576457387722
500.0 555.2603269245662
500.0 555.2629839797112
500.0 555.2656171213825
500.0 555.2682265648015
500.0 555.2708125232521
500.0 555.2733752080989
500.0 555.2759148288039
500.0 555.2784315929445
500.0 555.2809257062294
500.0 555.2833973725161
500.0 555.2858467938274
500.0 555.288274170368
500.0 555.2906797005406
500.0 555.2930635809623
500.0 555.2954260064806
500.0 555.2977671701896
500.0 555.3000872634452
500.0 555.3023864758815
500.0 555.3046649954256
500.0 555.3069230083133
500.0 555.3091606991045
500.0 555.3113782506977
500.0 555.3135758443456
500.0 555.3157536596696
500.0 555.3179118746742
500.0 555.3200506657624
500.0 555.3221702077492
500.0 555.3242706738763
500.0 555.3263522358262
500.0 555.3284150637365
500.0 555.3304593262134
500.0 555.3324851903454
500.0 555.3344928217177
500.0 555.3364823844248
500.0 555.3384540410847
500.0 555.3404079528515
500.0 555.3423442794292
500.0 555.3442631790844
500.0 555.3461648086591
500.0 555.348049323584
500.0 555.3499168778907
500.0 555.3517676242246
500.0 555.3536017138574
500.0 555.3554192966993
500.0 555.3572205213112
500.0 555.3590055349171
500.0 555.3607744834158
500.0 555.3625275113932
500.0 555.3642647621339
500.0 555.3659863776328
500.0 555.367692498607
500.0 555.3693832645071
500.0 555.3710588135285
500.0 555.3727192826232
500.0 555.3743648075102
500.0 555.3759955226874
500.0 555.377611561442
500.0 555.3792130558617
500.0 555.3808001368453
500.0 555.3823729341137
500.0 555.3839315762202
500.0 555.3854761905611
500.0 555.3870069033862
500.0 555.3885238398091
500.0 555.3900271238172
500.0 555.391516878282
500.0 555.3929932249695
500.0 555.3944562845494
500.0 555.3959061766056
500.0 555.3973430196459
500.0 555.398766931111
500.0 555.4001780273853
500.0 555.4015764238052
500.0 555.4029622346693
500.0 555.4043355732475
500.0 555.4056965517904
500.0 555.407045281538
500.0 555.4083818727295
500.0 555.4097064346117
500.0 555.4110190754484
500.0 555.4123199025288
500.0 555.4136090221766
500.0 555.4148865397586
500.0 555.4161525596934
500.0 555.4174071854596
500.0 555.4186505196047
500.0 555.4198826637532
500.0 555.421103718615
500.0 555.4223137839934
500.0 555.4235129587938
500.0 555.4247013410313
500.0 555.4258790278388
500.0 555.4270461154753
500.0 555.4282026993329
500.0 555.4293488739459
500.0 555.4304847329971
500.0 555.4316103693267
500.0 555.4327258749389
500.0 555.4338313410102
500.0 555.4349268578964
500.0 555.4360125151399
500.0 555.4370884014775
500.0 555.4381546048473
500.0 555.439211212396
500.0 555.4402583104858
500.0 555.4412959847018
500.0 555.4423243198588
500.0 555.4433434000082
500.0 555.444353308445
500.0 555.4453541277145
500.0 555.4463459396192
500.0 555.4473288252252
500.0 555.4483028648692
500.0 555.4492681381648
500.0 555.450224724009
500.0 555.4511727005888
500.0 555.4521121453876
500.0 555.4530431351911
500.0 555.4539657460945
500.0 555.4548800535076
500.0 555.455786132162
500.0 555.4566840561162
500.0 555.4575738987625
500.0 555.4584557328326
500.0 555.4593296304037
500.0 555.4601956629041
500.0 555.4610539011195
500.0 555.4619044151983
500.0 555.4627472746577
500.0 555.4635825483891
500.0 555.4644103046642
500.0 555.4652306111399
500.0 555.4660435348643
500.0 555.4668491422822
500.0 555.4676474992402
500.0 555.4684386709926
500.0 555.4692227222058
500.0 555.4699997169649
500.0 555.4707697187779
500.0 555.4715327905811
500.0 555.4722889947448
500.0 555.4730383930773
500.0 555.4737810468314
500.0 555.474517016708
500.0 555.475246362862
500.0 555.4759691449069
500.0 555.4766854219197
500.0 555.4773952524455
500.0 555.4780986945026
500.0 555.4787958055872
500.0 555.479486642678
500.0 555.480171262241
500.0 555.4808497202338
500.0 555.4815220721105
500.0 555.482188372826
500.0 555.4828486768408
500.0 555.4835030381251
500.0 555.4841515101635
500.0 555.4847941459592
500.0 555.4854309980382
500.0 555.4860621184539
500.0 555.4866875587913
500.0 555.4873073701712
500.0 555.4879216032538
500.0 555.488530308244
500.0 555.4891335348944
500.0 555.4897313325102
500.0 555.4903237499526
500.0 555.4909108356431
500.0 555.4914926375675
500.0 555.4920692032795
500.0 555.492640579905
500.0 555.4932068141459
500.0 555.4937679522834
500.0 555.4943240401825
500.0 555.4948751232953
500.0 555.4954212466648
500.0 555.4959624549286
500.0 555.4964987923228
500.0 555.497030302685
500.0 555.4975570294584
500.0 555.4980790156955
500.0 555.4985963040608
500.0 555.4991089368353
500.0 555.4996169559194
500.0 555.5001204028359
500.0 555.5006193187346
500.0 555.5011137443945
500.0 555.5016037202276
500.0 555.5020892862825
500.0 555.502570482247
500.0 555.503047347452
500.0 555.5035199208743
500.0 555.5039882411397
500.0 555.5044523465268
500.0 555.5049122749695
500.0 555.50536806406
500.0 555.5058197510526
500.0 555.5062673728662
500.0 555.5067109660873
500.0 555.5071505669732
500.0 555.507586211455
500.0 555.5080179351402
500.0 555.5084457733159
500.0 555.5088697609517
500.0 555.5092899327024
500.0 555.5097063229109
500.0 555.5101189656111
500.0 555.5105278945306
500.0 555.5109331430933
500.0 555.5113347444225
500.0 555.511732731343
500.0 555.5121271363848
500.0 555.5125179917846
500.0 555.5129053294892
500.0 555.5132891811577
500.0 555.5136695781645
500.0 555.5140465516015
500.0 555.5144201322807
500.0 555.5147903507371
500.0 555.5151572372306
500.0 555.5155208217487
500.0 555.5158811340093
500.0 555.5162382034626
500.0 555.516592059294
500.0 555.5169427304259
500.0 555.5172902455206
500.0 555.5176346329824
500.0 555.5179759209601
500.0 555.5183141373489
500.0 555.5186493097931
500.0 555.5189814656882
500.0 555.5193106321831
500.0 555.5196368361823
500.0 555.5199601043483
500.0 555.5202804631036
500.0 555.5205979386329
500.0 555.5209125568852
500.0 555.5212243435758
500.0 555.5215333241889
500.0 555.5218395239792
500.0 555.522142967974
500.0 555.5224436809755
500.0 555.5227416875624
500.0 555.5230370120927
500.0 555.5233296787047
500.0 555.5236197113197
500.0 555.5239071336437
500.0 555.5241919691692
500.0 555.5244742411775
500.0 555.5247539727401
500.0 555.525031186721
500.0 555.5253059057785
500.0 555.5255781523668
500.0 555.5258479487383
500.0 555.5261153169446
500.0 555.5263802788394
500.0 555.5266428560794
500.0 555.5269030701265
500.0 555.5271609422495
500.0 555.5274164935255
500.0 555.5276697448422
500.0 555.5279207168993
500.0 555.52816943021
500.0 555.5284159051031
500.0 555.5286601617242
500.0 555.5289022200378
500.0 555.5291420998287
500.0 555.5293798207035
500.0 555.5296154020925
500.0 555.529848863251
500.0 555.530080223261
500.0 555.530309501033
500.0 555.530536715307
500.0 555.5307618846545
500.0 555.5309850274797
500.0 555.5312061620215
500.0 555.5314253063543
500.0 555.53164247839
500.0 555.5318576958792
500.0 555.5320709764129
500.0 555.5322823374236
500.0 555.532491796187
500.0 555.5326993698233
500.0 555.5329050752987
500.0 555.5331089294266
500.0 555.533310948869
500.0 555.5335111501382
500.0 555.5337095495978
500.0 555.5339061634639
500.0 555.534101007807
500.0 555.5342940985526
500.0 555.5344854514831
500.0 555.5346750822389
500.0 555.5348630063195
500.0 555.535049239085
500.0 555.5352337957572
500.0 555.535416691421
500.0 555.5355979410253
500.0 555.5357775593848
500.0 555.5359555611806
500.0 555.5361319609617
500.0 555.5363067731463
500.0 555.5364800120227
500.0 555.5366516917508
500.0 555.5368218263627
500.0 555.5369904297646
500.0 555.5371575157374
500.0 555.5373230979378
500.0 555.5374871898998
500.0 555.5376498050356
500.0 555.5378109566366
500.0 555.5379706578746
500.0 555.5381289218027
500.0 555.5382857613569
500.0 555.5384411893564
500.0 555.5385952185053
500.0 555.5387478613932
500.0 555.5388991304964
500.0 555.5390490381789
500.0 555.5391975966935
500.0 555.5393448181828
500.0 555.53949071468
500.0 555.5396352981099
500.0 555.5397785802903
500.0 555.5399205729323
500.0 555.5400612876416
500.0 555.5402007359198
500.0 555.5403389291647
500.0 555.5404758786716
500.0 555.5406115956341
500.0 555.5407460911451
500.0 555.5408793761977
500.0 555.5410114616859
500.0 555.5411423584059
500.0 555.5412720770565
500.0 555.5414006282404
500.0 555.5415280224647
500.0 555.5416542701421
500.0 555.5417793815915
500.0 555.5419033670389
500.0 555.5420262366183
500.0 555.5421480003725
500.0 555.5422686682541
500.0 555.5423882501258
500.0 555.5425067557616
500.0 555.5426241948477
500.0 555.5427405769831
500.0 555.5428559116802
500.0 555.5429702083661
500.0 555.5430834763828
500.0 555.5431957249882
500.0 555.5433069633572
500.0 555.5434172005818
500.0 555.5435264456723
500.0 555.543634707558
500.0 555.5437419950877
500.0 555.5438483170304
500.0 555.5439536820767
500.0 555.5440580988384
500.0 555.5441615758501
500.0 555.5442641215697
500.0 555.5443657443786
500.0 555.5444664525832
500.0 555.5445662544147
500.0 555.5446651580306
500.0 555.5447631715149
500.0 555.5448603028786
500.0 555.5449565600609
500.0 555.5450519509293
500.0 555.5451464832807
500.0 555.5452401648419
500.0 555.5453330032698
500.0 555.5454250061525
500.0 555.5455161810102
500.0 555.5456065352948
500.0 555.5456960763918
500.0 555.5457848116196
500.0 555.5458727482311
500.0 555.5459598934139
500.0 555.5460462542908
500.0 555.5461318379205
500.0 555.5462166512983
500.0 555.5463007013565
500.0 555.5463839949648
500.0 555.5464665389313
500.0 555.5465483400029
500.0 555.5466294048656
500.0 555.5467097401452
500.0 555.5467893524079
500.0 555.546868248161
500.0 555.546946433853
500.0 555.5470239158744
500.0 555.5471007005583
500.0 555.5471767941807
500.0 555.5472522029611
500.0 555.5473269330631
500.0 555.547400990595
500.0 555.5474743816096
500.0 555.5475471121057
500.0 555.547619188028
500.0 555.5476906152676
500.0 555.5477613996626
500.0 555.5478315469987
500.0 555.5479010630095
500.0 555.5479699533767
500.0 555.5480382237312
500.0 555.548105879653
500.0 555.5481729266721
500.0 555.5482393702687
500.0 555.5483052158735
500.0 555.5483704688684
500.0 555.5484351345868
500.0 555.5484992183144
500.0 555.548562725289
500.0 555.5486256607013
500.0 555.5486880296955
500.0 555.5487498373693
500.0 555.5488110887745
500.0 555.5488717889176
500.0 555.54893194276
500.0 555.5489915552182
500.0 555.5490506311648
500.0 555.5491091754285
500.0 555.5491671927942
500.0 555.5492246880042
500.0 555.5492816657578
500.0 555.5493381307122
500.0 555.5493940874824
500.0 555.5494495406422
500.0 555.5495044947239
500.0 555.5495589542195
500.0 555.5496129235801
500.0 555.5496664072168
500.0 555.5497194095013
500.0 555.5497719347657
500.0 555.5498239873031
500.0 555.5498755713681
500.0 555.549926691177
500.0 555.5499773509081
500.0 555.550027554702
500.0 555.5500773066622
500.0 555.5501266108552
500.0 555.5501754713108
500.0 555.5502238920228
500.0 555.5502718769488
500.0 555.550319430011
500.0 555.5503665550959
500.0 555.5504132560555
500.0 555.5504595367069
500.0 555.5505054008328
500.0 555.5505508521819
500.0 555.5505958944693
500.0 555.5506405313765
500.0 555.550684766552
500.0 555.5507286036112
500.0 555.5507720461372
500.0 555.5508150976809
500.0 555.5508577617611
500.0 555.5509000418649
500.0 555.5509419414482
500.0 555.5509834639355
500.0 555.5510246127208
500.0 555.5510653911674
500.0 555.5511058026084
500.0 555.5511458503466
500.0 555.5511855376557
500.0 555.5512248677792
500.0 555.551263843932
500.0 555.5513024692998
500.0 555.5513407470396
500.0 555.5513786802801
500.0 555.5514162721217
500.0 555.551453525637
500.0 555.5514904438711
500.0 555.5515270298414
500.0 555.5515632865382
500.0 555.5515992169251
500.0 555.5516348239388
500.0 555.5516701104897
500.0 555.551705079462
500.0 555.5517397337137
500.0 555.5517740760775
500.0 555.5518081093604
500.0 555.551841836344
500.0 555.551875259785
500.0 555.5519083824153
500.0 555.5519412069422
500.0 555.5519737360486
500.0 555.5520059723934
500.0 555.5520379186114
500.0 555.5520695773137
500.0 555.5521009510879
500.0 555.5521320424984
500.0 555.5521628540865
500.0 555.5521933883706
500.0 555.5522236478464
500.0 555.5522536349872
500.0 555.552283352244
500.0 555.5523128020457
500.0 555.5523419867994
500.0 555.5523709088907
500.0 555.5523995706833
500.0 555.55242797452
500.0 555.5524561227224
500.0 555.5524840175913
500.0 555.5525116614066
500.0 555.5525390564278
500.0 555.552566204894
500.0 555.5525931090243
500.0 555.5526197710176
500.0 555.5526461930532
500.0 555.5526723772907
500.0 555.5526983258703
500.0 555.552724040913
500.0 555.5527495245204
500.0 555.5527747787756
500.0 555.5527998057428
500.0 555.5528246074674
500.0 555.5528491859767
500.0 555.5528735432797
500.0 555.5528976813671
500.0 555.552921602212
500.0 555.5529453077695
500.0 555.5529687999772
500.0 555.5529920807552
500.0 555.5530151520063
500.0 555.5530380156164
500.0 555.5530606734542
500.0 555.5530831273717
500.0 555.5531053792041
500.0 555.5531274307702
500.0 555.5531492838725
500.0 555.5531709402969
500.0 555.5531924018137
500.0 555.5532136701771
500.0 555.5532347471254
500.0 555.5532556343813
500.0 555.5532763336521
500.0 555.5532968466297
500.0 555.5533171749906
500.0 555.5533373203965
500.0 555.5533572844939
500.0 555.5533770689146
500.0 555.5533966752757
500.0 555.5534161051797
500.0 555.5534353602147
500.0 555.5534544419546
500.0 555.5534733519589
500.0 555.5534920917734
500.0 555.5535106629296
500.0 555.5535290669457
500.0 555.5535473053258
500.0 555.5535653795606
500.0 555.5535832911274
500.0 555.5536010414903
500.0 555.5536186321001
500.0 555.5536360643946
500.0 555.5536533397985
500.0 555.553670459724
500.0 555.5536874255703
500.0 555.5537042387241
500.0 555.5537209005597
500.0 555.5537374124389
500.0 555.5537537757112
500.0 555.5537699917144
500.0 555.5537860617736
500.0 555.5538019872024
500.0 555.5538177693026
500.0 555.5538334093638
500.0 555.5538489086648
500.0 555.5538642684721
500.0 555.5538794900414
500.0 555.5538945746166
500.0 555.5539095234308
500.0 555.5539243377058
500.0 555.5539390186524
500.0 555.5539535674707
500.0 555.5539679853497
500.0 555.5539822734679
500.0 555.5539964329931
500.0 555.5540104650828
500.0 555.5540243708838
500.0 555.5540381515326
500.0 555.5540518081558
500.0 555.5540653418694
500.0 555.5540787537798
500.0 555.554092044983
500.0 555.5541052165656
500.0 555.554118269604
500.0 555.5541312051653
500.0 555.5541440243065
500.0 555.5541567280757
500.0 555.554169317511
500.0 555.5541817936414
500.0 555.5541941574868
500.0 555.5542064100576
500.0 555.5542185523556
500.0 555.5542305853729
500.0 555.5542425100932
500.0 555.5542543274911
500.0 555.5542660385324
500.0 555.5542776441746
500.0 555.554289145366
500.0 555.5543005430469
500.0 555.5543118381487
500.0 555.5543230315947
500.0 555.5543341242997
500.0 555.5543451171704
500.0 555.5543560111055
500.0 555.5543668069952
500.0 555.554377505722
500.0 555.5543881081603
500.0 555.5543986151769
500.0 555.5544090276303
500.0 555.5544193463718
500.0 555.5544295722447
500.0 555.5544397060847
500.0 555.5544497487203
500.0 555.5544597009723
500.0 555.5544695636542
500.0 555.5544793375719
500.0 555.5544890235245
500.0 555.5544986223036
500.0 555.5545081346938
500.0 555.5545175614726
500.0 555.5545269034104
500.0 555.5545361612709
500.0 555.5545453358106
500.0 555.5545544277796
500.0 555.554563437921
500.0 555.5545723669712
500.0 555.55458121566
500.0 555.5545899847107
500.0 555.55459867484
500.0 555.5546072867583
500.0 555.5546158211693
500.0 555.5546242787707
500.0 555.5546326602538
500.0 555.5546409663035
500.0 555.5546491975989
500.0 555.5546573548127
500.0 555.5546654386117
500.0 555.5546734496565
500.0 555.554681388602
500.0 555.554689256097
500.0 555.5546970527847
500.0 555.5547047793023
500.0 555.5547124362812
500.0 555.5547200243474
500.0 555.5547275441211
500.0 555.5547349962169
500.0 555.5547423812438
500.0 555.5547496998056
500.0 555.5547569525004
500.0 555.554764139921
500.0 555.5547712626549
500.0 555.5547783212842
500.0 555.554785316386
500.0 555.5547922485318
500.0 555.5547991182884
500.0 555.5548059262173
500.0 555.554812672875
500.0 555.5548193588127
500.0 555.554825984577
500.0 555.5548325507094
500.0 555.5548390577468
500.0 555.5548455062209
500.0 555.5548518966588
500.0 555.5548582295828
500.0 555.5548645055105
500.0 555.554870724955
500.0 555.5548768884245
500.0 555.5548829964227
500.0 555.5548890494491
500.0 555.5548950479983
500.0 555.5549009925606
500.0 555.5549068836219
500.0 555.5549127216638
500.0 555.5549185071633
500.0 555.5549242405933
500.0 555.5549299224225
500.0 555.5549355531153
500.0 555.5549411331319
500.0 555.5549466629285
500.0 555.554952142957
500.0 555.5549575736651
500.0 555.554962955497
500.0 555.5549682888924
500.0 555.5549735742873
500.0 555.5549788121136
500.0 555.5549840027996
500.0 555.5549891467696
500.0 555.5549942444437
500.0 555.5549992962389
500.0 555.5550043025679
500.0 555.55500926384
500.0 555.5550141804607
500.0 555.5550190528319
500.0 555.5550238813518
500.0 555.555028666415
500.0 555.5550334084127
500.0 555.5550381077325
500.0 555.5550427647584
500.0 555.5550473798711
500.0 555.5550519534479
500.0 555.5550564858626
500.0 555.5550609774855
500.0 555.5550654286839
500.0 555.5550698398215
500.0 555.5550742112589
500.0 555.5550785433534
500.0 555.5550828364591
500.0 555.5550870909268
500.0 555.5550913071044
500.0 555.5550954853364
500.0 555.5550996259644
500.0 555.5551037293268
500.0 555.555107795759
500.0 555.5551118255933
500.0 555.5551158191591
500.0 555.5551197767829
500.0 555.5551236987881
500.0 555.5551275854953
500.0 555.5551314372221
500.0 555.5551352542835
500.0 555.5551390369914
500.0 555.5551427856549
500.0 555.5551465005805
500.0 555.5551501820717
500.0 555.5551538304295
500.0 555.5551574459522
500.0 555.5551610289352
500.0 555.5551645796714
500.0 555.555168098451
500.0 555.5551715855615
500.0 555.5551750412882
500.0 555.5551784659133
500.0 555.5551818597168
500.0 555.5551852229761
500.0 555.5551885559661
500.0 555.5551918589592
500.0 555.5551951322254
500.0 555.5551983760323
500.0 555.555201590645
500.0 555.5552047763261
500.0 555.5552079333362
500.0 555.5552110619332
500.0 555.5552141623727
500.0 555.5552172349085
500.0 555.5552202797913
500.0 555.5552232972703
500.0 555.5552262875921
500.0 555.5552292510009
500.0 555.5552321877391
500.0 555.5552350980466
500.0 555.5552379821614
500.0 555.5552408403192
500.0 555.5552436727536
500.0 555.555246479696
500.0 555.5552492613762
500.0 555.5552520180212
500.0 555.5552547498563
500.0 555.555257457105
500.0 555.5552601399885
500.0 555.5552627987261
500.0 555.5552654335349
500.0 555.5552680446306
500.0 555.5552706322264
500.0 555.5552731965339
500.0 555.5552757377626
500.0 555.5552782561203
500.0 555.5552807518128
500.0 555.5552832250441
500.0 555.5552856760164
500.0 555.5552881049299
500.0 555.5552905119832
500.0 555.5552928973731
500.0 555.5552952612944
500.0 555.5552976039405
500.0 555.5552999255028
500.0 555.5553022261711
500.0 555.5553045061333
500.0 555.5553067655759
500.0 555.5553090046835
500.0 555.5553112236393
500.0 555.5553134226244
500.0 555.5553156018187
500.0 555.5553177614003
500.0 555.5553199015455
500.0 555.5553220224296
500.0 555.5553241242256
500.0 555.5553262071056
500.0 555.5553282712397
500.0 555.5553303167965
500.0 555.5553323439433
500.0 555.5553343528459
500.0 555.5553363436684
500.0 555.5553383165735
500.0 555.5553402717225
500.0 555.5553422092751
500.0 555.5553441293897
500.0 555.5553460322234
500.0 555.5553479179315
500.0 555.5553497866683
500.0 555.5553516385866
500.0 555.5553534738375
500.0 555.5553552925712
500.0 555.5553570949363
500.0 555.5553588810801
500.0 555.5553606511487
500.0 555.5553624052867
500.0 555.5553641436375
500.0 555.5553658663431
500.0 555.5553675735443
500.0 555.5553692653808
500.0 555.5553709419908
500.0 555.5553726035113
500.0 555.5553742500781
500.0 555.5553758818259
500.0 555.5553774988879
500.0 555.5553791013963
500.0 555.5553806894821
500.0 555.5553822632753
500.0 555.5553838229043
500.0 555.5553853684967
500.0 555.5553869001787
500.0 555.5553884180756
500.0 555.5553899223115
500.0 555.5553914130093
500.0 555.5553928902907
500.0 555.5553943542767
500.0 555.5553958050868
500.0 555.5553972428397
500.0 555.5553986676528
500.0 555.5554000796425
500.0 555.5554014789243
500.0 555.5554028656127
500.0 555.5554042398209
500.0 555.5554056016612
500.0 555.5554069512449
500.0 555.5554082886824
500.0 555.555409614083
500.0 555.555410927555
500.0 555.5554122292058
500.0 555.5554135191417
500.0 555.5554147974682
500.0 555.5554160642897
500.0 555.5554173197099
500.0 555.5554185638314
500.0 555.5554197967557
500.0 555.5554210185837
500.0 555.5554222294153
500.0 555.5554234293494
500.0 555.555424618484
500.0 555.5554257969166
500.0 555.5554269647432
500.0 555.5554281220594
500.0 555.5554292689598
500.0 555.555430405538
500.0 555.555431531887
500.0 555.555432648099
500.0 555.555433754265
500.0 555.5554348504755
500.0 555.5554359368202
500.0 555.5554370133877
500.0 555.5554380802662
500.0 555.5554391375427
500.0 555.5554401853038
500.0 555.5554412236351
500.0 555.5554422526213
500.0 555.5554432723468
500.0 555.5554442828947
500.0 555.5554452843476
500.0 555.5554462767875
500.0 555.5554472602954
500.0 555.5554482349518
500.0 555.5554492008363
500.0 555.5554501580278
500.0 555.5554511066047
500.0 555.5554520466443
500.0 555.5554529782236
500.0 555.5554539014187
500.0 555.555454816305
500.0 555.5554557229574
500.0 555.5554566214499
500.0 555.555457511856
500.0 555.5554583942485
500.0 555.5554592686995
500.0 555.5554601352803
500.0 555.555460994062
500.0 555.5554618451146
500.0 555.5554626885078
500.0 555.5554635243103
500.0 555.5554643525907
500.0 555.5554651734166
500.0 555.555465986855
500.0 555.5554667929725
500.0 555.555467591835
500.0 555.5554683835078
500.0 555.5554691680554
500.0 555.5554699455422
500.0 555.5554707160316
500.0 555.5554714795865
500.0 555.5554722362695
500.0 555.5554729861423
500.0 555.5554737292663
500.0 555.5554744657021
500.0 555.5554751955101
500.0 555.5554759187498
500.0 555.5554766354804
500.0 555.5554773457604
500.0 555.555478049648
500.0 555.5554787472004
500.0 555.5554794384749
500.0 555.5554801235279
500.0 555.5554808024154
500.0 555.555481475193
500.0 555.5554821419156
500.0 555.5554828026377
500.0 555.5554834574133
500.0 555.5554841062959
500.0 555.5554847493386
500.0 555.5554853865939
500.0 555.5554860181139
500.0 555.5554866439503
500.0 555.5554872641542
500.0 555.5554878787761
500.0 555.5554884878666
500.0 555.5554890914751
500.0 555.5554896896513
500.0 555.5554902824438
500.0 555.5554908699012
500.0 555.5554914520715
500.0 555.5554920290023
500.0 555.5554926007406
500.0 555.5554931673335
500.0 555.555493728827
500.0 555.555494285267
500.0 555.555494836699
500.0 555.5554953831682
500.0 555.5554959247191
500.0 555.5554964613962
500.0 555.5554969932431
500.0 555.5554975203033
500.0 555.5554980426201
500.0 555.5554985602361
500.0 555.5554990731935
500.0 555.5554995815343
500.0 555.5555000853
500.0 555.5555005845317
500.0 555.5555010792705
500.0 555.5555015695566
500.0 555.5555020554301
500.0 555.5555025369307
500.0 555.5555030140979
500.0 555.5555034869706
500.0 555.5555039555874
500.0 555.5555044199866
500.0 555.5555048802063
500.0 555.555505336284
500.0 555.5555057882569
500.0 555.5555062361622
500.0 555.5555066800363
500.0 555.5555071199155
500.0 555.5555075558359
500.0 555.5555079878329
500.0 555.555508415942
500.0 555.5555088401981
500.0 555.5555092606359
500.0 555.5555096772897
500.0 555.5555100901937
500.0 555.5555104993815
500.0 555.5555109048867
500.0 555.5555113067422
500.0 555.5555117049812
500.0 555.555512099636
500.0 555.5555124907388
500.0 555.5555128783218
500.0 555.5555132624165
500.0 555.5555136430544
500.0 555.5555140202665
500.0 555.5555143940837
500.0 555.5555147645366
500.0 555.5555151316554
500.0 555.5555154954701
500.0 555.5555158560105
500.0 555.5555162133061
500.0 555.555516567386
500.0 555.5555169182792
500.0 555.5555172660144
500.0 555.5555176106199
500.0 555.555517952124
500.0 555.5555182905545
500.0 555.5555186259392
500.0 555.5555189583054
500.0 555.5555192876802
500.0 555.5555196140907
500.0 555.5555199375635
500.0 555.5555202581252
500.0 555.5555205758017
500.0 555.5555208906192
500.0 555.5555212026032
500.0 555.5555215117795
500.0 555.5555218181731
500.0 555.5555221218093
500.0 555.5555224227127
500.0 555.5555227209079
500.0 555.5555230164194
500.0 555.5555233092714
500.0 555.5555235994876
500.0 555.5555238870919
500.0 555.5555241721078
500.0 555.5555244545585
500.0 555.5555247344672
500.0 555.5555250118567
500.0 555.5555252867497
500.0 555.5555255591687
500.0 555.555525829136
500.0 555.5555260966735
500.0 555.5555263618031
500.0 555.5555266245466
500.0 555.5555268849254
500.0 555.5555271429607
500.0 555.5555273986738
500.0 555.5555276520855
500.0 555.5555279032164
500.0 555.5555281520873
500.0 555.5555283987183
500.0 555.5555286431295
500.0 555.5555288853411
500.0 555.5555291253728
500.0 555.5555293632442
500.0 555.5555295989748
500.0 555.5555298325837
500.0 555.5555300640902
500.0 555.5555302935132
500.0 555.5555305208713
500.0 555.5555307461833
500.0 555.5555309694674
500.0 555.555531190742
500.0 555.5555314100251
500.0 555.5555316273346
500.0 555.5555318426884
500.0 555.555532056104
500.0 555.5555322675988
500.0 555.5555324771901
500.0 555.5555326848952
500.0 555.5555328907309
500.0 555.5555330947141
500.0 555.5555332968614
500.0 555.5555334971895
500.0 555.5555336957145
500.0 555.5555338924529
500.0 555.5555340874206
500.0 555.5555342806337
500.0 555.5555344721078
500.0 555.5555346618586
500.0 555.5555348499016
500.0 555.5555350362523
500.0 555.5555352209259
500.0 555.5555354039374
500.0 555.5555355853018
500.0 555.5555357650338
500.0 555.5555359431484
500.0 555.5555361196598
500.0 555.5555362945827
500.0 555.5555364679312
500.0 555.5555366397197
500.0 555.555536809962
500.0 555.5555369786721
500.0 555.5555371458638
500.0 555.5555373115509
500.0 555.5555374757467
500.0 555.5555376384649
500.0 555.5555377997185
500.0 555.5555379595208
500.0 555.555538117885
500.0 555.5555382748239
500.0 555.5555384303503
500.0 555.5555385844771
500.0 555.5555387372166
500.0 555.5555388885815
500.0 555.5555390385841
500.0 555.5555391872367
500.0 555.5555393345514
500.0 555.5555394805403
500.0 555.5555396252154
500.0 555.5555397685882
500.0 555.5555399106707
500.0 555.5555400514745
500.0 555.5555401910111
500.0 555.5555403292918
500.0 555.555540466328
500.0 555.5555406021309
500.0 555.5555407367116
500.0 555.555540870081
500.0 555.5555410022502
500.0 555.5555411332298
500.0 555.5555412630306
500.0 555.5555413916632
500.0 555.555541519138
500.0 555.5555416454656
500.0 555.5555417706563
500.0 555.5555418947202
500.0 555.5555420176677
500.0 555.5555421395085
500.0 555.5555422602528
500.0 555.5555423799103
500.0 555.555542498491
500.0 555.5555426160045
500.0 555.5555427324603
500.0 555.555542847868
500.0 555.555542962237
500.0 555.5555430755768
500.0 555.5555431878964
500.0 555.5555432992053
500.0 555.5555434095123
500.0 555.5555435188265
500.0 555.555543627157
500.0 555.5555437345125
500.0 555.5555438409018
500.0 555.5555439463336
500.0 555.5555440508165
500.0 555.555544154359
500.0 555.5555442569697
500.0 555.5555443586569
500.0 555.5555444594289
500.0 555.5555445592939
500.0 555.5555446582601
500.0 555.5555447563357
500.0 555.5555448535285
500.0 555.5555449498466
500.0 555.5555450452979
500.0 555.5555451398901
500.0 555.5555452336309
500.0 555.5555453265281
500.0 555.5555454185892
500.0 555.5555455098217
500.0 555.5555456002332
500.0 555.5555456898311
500.0 555.5555457786226
500.0 555.5555458666148
500.0 555.5555459538151
500.0 555.5555460402306
500.0 555.5555461258684
500.0 555.5555462107355
500.0 555.5555462948388
500.0 555.5555463781851
500.0 555.5555464607813
500.0 555.5555465426341
500.0 555.5555466237504
500.0 555.5555467041365
500.0 555.5555467837992
500.0 555.5555468627449
500.0 555.5555469409801
500.0 555.5555470185112
500.0 555.5555470953445
500.0 555.5555471714863
500.0 555.5555472469429
500.0 555.5555473217203
500.0 555.5555473958246
500.0 555.5555474692621
500.0 555.5555475420387
500.0 555.5555476141602
500.0 555.5555476856326
500.0 555.5555477564618
500.0 555.5555478266535
